1;5;5;12;5;1;3
1;5;1;5;12;5;1;3
1;5;4;5;12;5;4;3
1;1;5;5;5;12;5;4;1;3
1;1;5;6;5;12;5;4;1;3
1;1;1;5;6;5;12;5;4;1;3
2;2;1;5;7;5;12;1;5;3;1;1;3
1;3;4;4;1;6;1;1;1;3;1;3;3;1;2;3;1;1;2;3;2;10;6;2;1;3;1;4;1;3;3;4;1;2
1;1;1;6;1;6;5;1;1;3;1;1;3;7;1;2;3;3;1;1;2;7;4;15;2;2;1;3;7;8;5;1;17;3;4;2;2
1;1;1;7;1;1;6;6;2;1;3;1;1;3;7;1;2;1;6;3;1;1;2;7;4;15;2;2;1;3;7;11;5;1;35;3;4;2;2
1;1;1;9;1;1;6;12;3;1;1;1;1;3;7;1;2;1;1;10;3;1;1;2;8;4;17;3;2;1;3;7;16;7;1;53;3;4;2;2
1;1;1;9;1;1;6;12;3;1;1;1;1;1;3;7;1;2;3;1;12;4;1;2;2;8;4;18;1;5;2;1;3;7;16;7;1;71;7;4;2;2
1;1;1;1;9;1;1;1;6;12;3;1;1;1;1;1;3;7;1;2;3;1;12;4;1;2;2;8;4;15;1;5;2;1;3;7;16;7;1;86;7;4;2;2
1;1;1;1;8;2;1;2;1;6;12;2;1;1;1;1;1;3;7;1;2;3;1;12;4;1;2;2;8;4;14;1;5;1;2;1;4;1;7;16;7;1;104;7;4;2;2
1;1;1;1;8;2;1;2;1;6;12;2;1;1;1;1;1;1;3;7;1;2;3;1;12;4;1;2;2;8;4;13;1;5;1;2;1;4;1;7;16;7;1;122;7;4;2;2
1;1;1;1;8;2;1;2;1;6;12;2;1;1;1;1;1;1;3;7;1;2;3;1;12;4;1;2;2;8;4;13;1;5;1;1;1;4;1;7;16;7;1;140;7;4;2;2
1;1;1;7;2;1;2;7;6;12;2;1;1;1;1;1;1;3;7;1;2;3;1;12;4;1;2;2;8;4;12;1;5;1;4;1;6;16;1;2;155;7;4;1;2
1;1;1;1;6;2;1;2;1;11;2;1;1;1;4;3;1;1;1;2;2;2;2;9;1;5;1;1;1;12;7;12;170;4;6;1
1;2;1;3;2;2;2;2;7;2;4;1;1;1;3;1;1;1;1;4;3;1;4;1;1;3;1;1;1;1;8;9;160;4
1;2;1;1;2;1;2;2;2;6;1;5;1;1;1;3;1;1;1;4;3;1;4;1;1;3;1;2;1;1;5;6;147;4
1;2;4;1;1;2;2;5;1;3;1;3;2;1;1;1;4;1;2;1;1;2;1;2;1;1;2;129;4
1;2;1;9;1;1;2;2;2;10;1;3;3;3;1;2;1;8;2;1;1;3;2;1;10;113
2;1;12;1;1;2;1;2;15;1;3;3;20;1;2;1;8;2;1;1;5;2;1;19;95
2;1;27;1;1;2;24;1;4;3;22;1;2;1;1;8;2;1;5;1;2;19;80
2;1;32;1;1;14;24;4;3;1;1;22;1;2;1;2;8;2;1;5;1;2;23;63
2;1;33;2;1;14;24;4;3;2;3;22;1;2;1;3;8;2;1;5;1;2;23;58
2;1;34;2;1;14;24;1;5;1;3;2;3;2;22;1;3;1;3;8;2;1;5;1;1;2;23;47
2;1;34;2;1;1;14;34;1;3;1;3;2;3;2;22;1;3;1;3;6;2;1;5;1;8;4;23;32
1;34;5;1;2;14;30;1;2;1;3;2;3;2;22;1;3;1;3;4;1;14;5;1;18;4;23;28
1;34;5;1;4;20;29;1;2;1;3;2;3;2;22;1;3;1;3;4;1;30;4;1;26;4;23;23;1
1;31;5;1;8;21;1;29;1;1;2;4;2;2;3;2;22;43;3;1;3;4;1;2;1;28;4;25;23;2;1
26;1;5;1;8;19;1;24;1;1;2;4;2;2;3;2;2;19;54;1;3;2;1;28;3;16;21;6
6;25;1;7;1;10;19;1;19;1;1;2;4;2;2;2;3;2;2;2;62;1;3;2;1;28;1;7;21;7
17;10;1;7;1;12;19;1;2;10;1;9;2;1;1;2;2;4;2;3;2;2;62;1;2;2;1;28;1;7;18;7
26;5;1;7;1;15;9;1;2;23;1;10;9;1;1;2;1;4;5;2;2;2;3;2;62;1;1;2;5;28;5;3;18;7
27;5;1;7;19;21;1;2;29;1;11;9;1;1;2;1;4;6;2;2;7;4;62;1;7;2;14;28;8;5;12
27;5;1;7;19;31;1;2;29;2;11;9;1;1;4;6;1;7;4;62;7;8;18;27;4;8;11
27;8;1;5;19;32;1;2;19;2;11;9;1;1;1;4;6;2;1;7;4;62;7;1;1;8;21;20;6;8;11;1
27;8;1;2;17;32;1;2;19;2;11;9;1;1;1;4;6;4;1;7;4;48;7;2;1;7;21;10;6;8;11;1
27;7;1;2;15;26;1;2;19;2;11;9;1;1;2;1;4;6;4;1;7;4;32;9;2;1;7;20;2;6;10;12;1
27;7;1;2;11;25;2;19;10;9;1;1;2;2;1;2;1;6;4;1;2;7;4;19;9;2;1;3;7;36;6;8;16;1
28;9;2;2;11;25;3;1;5;19;8;10;9;3;1;4;1;3;1;1;2;6;4;2;1;7;4;1;8;5;1;2;1;11;1;7;47;6;7;17;2;1
22;21;2;2;11;29;3;1;6;19;14;10;9;3;1;4;1;3;1;1;2;4;4;2;1;7;4;1;1;4;1;2;1;14;2;1;7;64;6;14;17;2;1
11;33;3;2;9;3;31;3;1;4;19;1;21;2;7;2;1;4;1;3;1;1;4;1;4;2;1;7;4;1;1;4;1;2;1;15;2;1;1;7;69;7;14;17;2;1
2;33;5;2;6;3;29;3;1;4;6;1;39;1;2;1;4;1;3;1;1;1;1;4;2;1;4;2;9;1;1;5;4;1;2;3;15;2;1;1;3;65;7;14;16;2;1
1;37;8;2;2;7;28;3;4;3;1;2;4;1;3;1;1;1;4;2;46;18;1;1;9;4;1;3;1;2;3;15;2;1;1;1;56;7;12;9;2;1
5;42;1;8;2;2;7;22;3;4;1;3;1;1;2;4;1;3;1;1;1;4;2;46;21;1;1;9;4;1;3;1;2;3;16;2;1;1;1;52;5;9;7;2;1
8;5;39;1;8;2;2;7;22;4;4;1;3;1;2;2;4;1;3;1;1;1;2;2;48;25;1;2;1;9;4;1;3;1;1;1;2;16;2;1;1;1;50;1;14;15;2;2;1
2;8;5;40;1;8;2;2;7;23;1;4;1;3;1;2;2;4;1;3;1;1;1;1;2;48;25;1;5;1;9;4;1;3;1;1;2;16;2;1;1;1;51;2;23;24;2;4;3
3;9;7;40;11;8;2;2;7;26;1;4;1;3;1;2;2;4;1;1;1;1;1;1;2;50;25;1;5;1;9;4;1;3;1;1;2;16;2;1;1;1;51;2;27;36;2;3;10
3;11;8;40;11;8;2;3;7;39;1;4;1;1;3;1;2;2;2;1;1;2;1;1;1;1;50;25;1;5;2;9;4;1;3;1;1;2;13;2;1;1;36;2;31;39;1;1;10
3;13;1;11;39;12;8;2;3;48;7;1;1;1;3;1;2;1;2;1;1;2;44;2;25;1;6;9;1;3;1;1;2;7;2;25;6;40;47;1;1;10;4
3;13;1;13;26;12;6;2;2;44;7;4;1;1;3;1;2;1;2;1;1;1;3;40;1;4;25;1;8;1;1;3;1;2;2;7;9;3;9;1;1;6;2;33;48;1;10
3;13;1;17;22;12;5;2;1;2;42;4;4;1;1;2;1;2;1;2;1;1;7;37;1;4;25;1;8;1;1;3;1;2;2;7;9;3;4;1;4;5;2;33;48;1;10
3;13;1;20;24;12;3;2;1;2;1;42;4;4;1;1;2;1;2;1;2;1;1;9;21;1;4;16;1;8;1;1;3;1;2;4;7;4;3;4;1;4;5;2;33;48;1;10
13;1;21;20;12;1;2;1;31;1;4;1;1;2;2;1;2;33;1;1;18;20;1;4;7;1;8;1;2;1;2;11;8;1;3;4;1;6;5;2;3;48;10
13;1;1;14;11;1;2;1;27;3;4;1;2;1;1;2;1;1;31;20;1;4;4;1;8;1;2;1;2;11;7;1;3;18;4;1;11;5;2;33;47;10
5;1;26;14;11;1;2;1;26;3;4;1;35;1;2;1;25;1;18;1;4;6;1;2;1;2;11;9;1;3;3;1;5;2;28;39;8
5;1;30;14;11;1;2;1;25;1;4;1;37;1;1;1;29;1;26;1;4;2;1;2;1;3;14;9;1;3;2;1;4;2;19;30;7
4;1;28;18;1;1;2;1;22;4;1;37;1;1;1;1;29;2;30;1;6;2;2;1;3;15;9;1;3;2;1;1;4;2;13;17
2;1;27;18;1;1;1;1;9;4;2;5;37;1;1;1;29;2;31;1;6;2;2;2;3;15;14;1;4;3;1;1;1;4;2;9;10
23;17;1;1;1;2;1;5;35;1;1;1;29;2;29;1;4;3;2;2;5;15;18;1;4;3;1;1;1;2;1
22;16;1;1;2;1;5;34;1;1;1;2;27;5;2;2;2;2;6;8;15;24;4;28
18;8;1;2;1;5;30;3;1;1;2;23;5;2;2;2;2;11;16;15;24;4;26
3;15;6;3;2;10;2;1;5;29;3;1;1;2;21;5;2;1;2;2;2;12;16;11;1;31;4;26
4;14;5;3;17;12;2;2;1;5;20;3;1;4;1;1;15;5;2;3;2;2;2;13;16;4;1;38;4;24
4;13;6;3;17;12;2;2;1;5;7;3;1;2;5;1;1;1;1;16;5;2;11;2;2;2;1;14;16;4;1;41;4;19;4
4;5;6;3;2;17;12;2;2;1;5;3;3;1;6;5;4;2;1;1;1;16;5;5;2;24;2;2;2;1;23;16;4;1;46;4;9;5;4
4;1;6;3;2;17;12;2;2;1;5;1;3;1;6;5;11;2;1;1;1;11;5;13;2;34;2;2;2;1;25;16;1;1;46;4;10;1;4
4;1;3;3;3;17;12;2;2;1;5;1;3;6;5;11;4;2;1;1;5;5;14;35;2;2;2;1;25;16;1;46;4;10;4
4;1;4;3;3;17;12;2;1;1;3;6;5;11;8;2;1;1;5;5;14;35;2;2;2;1;25;16;1;1;41;10;4
4;1;12;3;4;17;12;2;1;3;6;5;11;8;2;1;1;5;5;14;35;13;2;1;25;1;1;1;35;10;4
4;13;3;2;4;17;12;2;1;3;6;5;11;8;2;1;1;5;14;35;8;1;22;1;1;1;26;10;4
4;13;3;2;4;17;12;2;1;6;5;11;8;2;1;5;14;35;1;1;17;1;1;25;10;1;4
1;19;2;4;15;2;2;6;5;11;8;2;1;5;14;34;1;1;17;1;18;10;1;4
10;19;5;14;2;6;32;2;1;1;11;8;4;1;1;4;15;1;1;10
7;18;10;14;4;24;1;11;8;4;1;1;14;1;2;4
18;1;9;2;11;1;7;8;2;1;5;1;8
17;5;1;2;1;1;8;2;1;3;1
16;6;2;1;1;4;1;3;1
15;6;2;1;1;1;2
1;2;2;7;6
1;1;6;6
1;6;6
6;2
6;4
6;11
2;16
2;16
1;24
1;4;25
1;4;1;27
1;1;4;2;27;1
8;2;1;1;4;2;31;1
8;4;2;1;1;4;2;2;34;1
8;4;2;1;1;1;4;7;2;2;36;1
8;4;2;1;8;1;1;1;4;9;2;2;35;1
8;4;2;9;1;8;1;1;1;4;9;2;2;33;1
8;4;2;2;16;1;8;1;1;1;4;9;2;2;1;43;1
8;4;2;5;16;1;8;1;1;7;4;9;2;2;1;38;1
8;4;16;7;1;8;3;3;39;1;7;1;9;2;2;2;1;1;2;1
8;4;16;7;1;8;10;6;1;1;7;1;9;2;2;2;1;2;39
8;4;16;7;8;10;6;1;1;7;1;9;2;2;1;2;10;40
4;7;8;10;6;1;1;7;1;9;2;2;1;16;10;36
7;8;10;6;1;1;7;1;9;2;1;16;10;31
7;7;10;6;1;1;7;1;2;2;1;16;10;27
7;2;10;6;6;1;1;1;16;10;22
7;2;10;6;6;1;1;1;7;10;19
5;2;10;6;6;1;1;10;9
2;2;10;6;1;1;10;6
7;3;10;4
10;5
4
4
4
4
3
3
3
4
4
1
1
1
1
1
2;1
2;1
2;1
2
2
2
2
2
2
2
None
None
None
1;1;2
1;1;2
1;1;2
1;1;2
1;1;2
1;1;2
1;1;2
1;1;2
1;1;2
1;1;2
None
None
None
None
None
None
None
3
4;1;2
5;1;4;1;2;5
5;1;4;1;1;2;5;9
5;1;4;1;1;2;7;9
2;5;1;4;1;1;2;11;11
2;1;2;5;2;1;4;1;1;2;11;12
2;1;2;5;2;1;4;2;1;1;2;11;14
2;1;2;5;2;1;4;7;1;6;1;2;11;16
2;1;2;5;2;1;4;7;1;13;1;2;11;17
2;1;2;5;2;1;1;7;1;22;1;2;11;19
2;1;2;5;2;7;1;23;1;2;11;19
2;1;2;2;7;23;1;11;16
2;1;2;1;2;7;23;6;12
2;1;2;1;2;7;23;4;12
2;1;1;7;23;2;2;10
1;1;7;1;23;2;9
1;1;5;14;1;23;1;2;7
1;1;19;1;17;7;2;5
6;6;1;2;27;1;1;10;1;9;2;4
6;14;1;2;27;1;1;1;4;9;1;2;2
3;6;19;1;2;27;2;2;2;1;4;9;1;2
3;7;31;5;1;1;2;1;27;2;6;2;1;4;1;1;10;1;2;8
2;4;1;2;2;7;38;2;1;1;32;9;6;14;5;1;3;9;2;2;2;6
2;7;3;1;6;2;8;43;1;1;2;1;5;1;2;32;1;21;6;19;5;1;3;1;1;9;2;2;2;9;1;1
2;7;3;2;1;6;8;57;1;1;2;1;5;1;2;32;1;38;6;21;6;1;3;1;1;4;9;2;2;2;10;1;1;2
6;2;8;3;3;6;8;68;1;1;2;1;5;7;1;4;32;2;49;6;21;6;1;3;1;1;6;9;1;2;2;11;1;1;2
6;2;11;1;3;5;6;8;70;1;1;2;1;5;15;1;1;4;18;14;49;6;20;6;1;3;1;1;6;9;1;2;2;15;6;1;1;2;2
6;2;11;1;3;14;6;8;86;1;2;2;1;5;15;3;1;4;13;15;49;1;6;14;6;1;4;3;1;1;6;9;3;2;2;17;12;1;1;2;2
9;2;10;1;3;22;6;2;87;1;2;1;1;1;5;15;4;1;4;6;21;49;1;6;12;8;1;11;3;1;1;6;9;2;2;2;22;18;1;1;2;2
9;3;2;1;7;1;3;36;6;2;2;96;1;2;1;1;5;5;15;4;1;4;6;25;49;1;9;3;12;21;1;11;3;1;1;6;16;2;3;2;2;29;18;1;1;4;2
9;2;4;2;1;7;1;3;42;1;8;2;4;2;104;1;2;1;1;7;6;2;15;4;4;1;4;6;29;49;1;7;6;12;31;1;11;1;1;6;17;2;3;2;30;18;1;1;6;2;3
9;2;6;1;1;7;1;5;42;1;8;2;4;2;1;101;1;2;1;1;1;7;5;3;2;15;4;4;1;1;4;7;29;49;1;4;17;11;32;2;1;11;1;1;6;9;2;3;2;2;30;18;1;2;1;6;2;15
9;2;14;1;1;9;3;6;42;1;8;2;4;2;1;96;1;2;1;2;1;1;7;5;3;2;15;4;4;2;3;4;3;29;40;4;4;1;19;8;41;5;11;1;1;6;11;3;3;2;28;18;1;2;1;6;2;15
9;2;14;1;1;7;7;3;42;1;4;2;4;2;1;94;1;1;2;1;1;7;1;3;2;15;4;4;1;5;5;2;3;28;28;4;6;1;1;19;3;46;5;11;1;6;16;3;3;2;34;18;2;7;2;15
9;2;14;1;1;1;9;7;9;40;3;4;2;5;2;5;1;92;3;1;2;1;1;7;1;3;2;15;4;7;2;5;7;2;6;28;11;4;7;1;1;21;1;48;5;11;1;2;22;4;3;1;2;34;18;1;2;5;2;15
3;2;14;1;6;1;8;7;11;39;2;3;4;2;5;2;9;1;86;3;1;2;1;1;7;1;3;2;8;4;7;2;5;6;27;7;4;7;1;21;1;55;5;11;1;4;24;4;3;1;2;38;18;9;2;5;2;15
3;2;14;1;6;1;5;6;11;37;3;3;3;6;2;5;2;11;1;6;1;91;3;1;2;2;1;7;1;1;3;5;3;7;2;5;2;8;15;7;4;7;1;21;1;1;65;5;11;1;4;25;4;3;1;1;2;3;35;12;21;2;5;2;15
3;2;14;1;6;1;5;2;6;11;28;15;3;3;6;2;5;2;11;1;7;1;85;2;1;2;2;1;7;1;4;1;3;9;1;7;2;5;2;8;14;7;3;7;4;1;5;21;1;2;81;5;7;1;4;31;2;3;1;1;2;8;38;2;6;21;2;5;2;15
2;14;3;1;6;1;5;2;6;11;20;17;3;1;3;6;1;5;2;12;1;16;2;3;1;95;4;1;2;2;2;3;4;7;1;4;3;7;2;5;4;7;8;7;3;7;7;1;5;21;6;1;2;90;5;9;1;4;36;4;3;1;1;1;2;8;34;7;21;2;2;2;5;2;15
2;11;4;1;1;5;2;6;11;6;17;3;3;15;4;6;1;3;2;12;8;16;1;4;3;1;89;2;4;1;2;2;2;3;6;2;1;4;3;2;7;2;5;1;5;7;4;7;3;4;7;4;1;1;5;18;8;8;84;5;1;9;1;4;38;4;1;1;1;1;11;8;35;13;21;11;2;1;2;3;2;15
1;10;4;1;1;5;4;6;11;17;2;32;6;4;1;2;12;8;14;4;3;1;80;5;4;5;2;1;1;4;3;3;6;4;3;7;2;3;2;5;1;5;7;7;3;4;7;6;1;1;5;15;8;4;9;74;1;1;16;1;4;39;4;1;1;1;1;18;8;34;13;21;14;2;9;2;1;2;12
8;4;2;1;1;5;15;6;9;17;1;1;2;46;6;3;1;1;12;21;29;4;3;1;3;5;1;4;3;1;1;1;4;3;3;1;4;3;7;2;3;2;4;1;21;6;7;81;3;7;6;1;2;5;4;1;8;6;10;68;1;16;1;4;42;4;1;1;1;1;1;5;8;33;13;21;14;6;2;1;2;8
1;4;2;1;1;3;17;4;8;17;1;1;2;56;6;2;1;1;12;21;42;2;4;3;1;90;5;2;4;1;4;4;3;1;4;5;7;2;3;1;2;1;23;5;7;3;7;6;12;5;2;8;7;9;59;6;16;1;4;46;3;1;1;1;1;1;5;8;30;13;21;14;2;6;2;1;2;8
1;4;3;1;1;2;22;2;8;17;1;1;2;69;6;2;2;1;12;21;46;4;1;89;5;2;4;1;4;4;3;1;4;7;3;7;2;3;1;1;30;5;2;1;7;6;14;5;10;8;1;7;9;55;6;16;3;44;3;1;1;1;1;1;5;8;21;13;21;14;2;6;2;3;2;8
1;4;4;1;1;3;24;2;2;17;1;3;1;87;6;2;3;1;7;16;46;4;1;93;5;2;23;2;1;4;1;1;4;7;10;2;2;5;37;2;10;7;6;14;5;7;8;1;7;10;52;6;1;7;3;38;2;1;1;1;2;21;8;5;13;20;14;2;6;2;3;2;24
1;4;4;1;1;3;24;2;1;17;1;3;1;6;104;6;2;3;1;3;46;4;1;98;5;2;18;2;1;4;1;1;1;5;4;9;22;7;2;2;6;37;2;10;7;6;14;5;2;8;1;7;10;45;7;1;16;1;3;36;2;1;1;1;2;1;21;8;5;13;12;14;2;6;10;37
1;4;4;1;3;30;2;1;15;1;3;1;6;113;3;6;6;3;1;2;2;21;2;4;91;6;5;2;2;3;4;1;5;4;24;4;2;2;6;37;1;4;10;7;6;14;5;2;8;1;9;10;35;7;1;10;1;3;2;35;2;46;1;6;1;3;5;17;13;4;14;2;12;11;49
3;5;4;5;3;28;2;1;3;1;3;1;6;115;3;6;9;5;14;4;2;2;4;82;7;1;7;3;4;3;3;4;4;1;7;2;3;30;1;2;2;6;37;4;3;10;3;6;14;12;2;1;9;12;9;22;8;1;32;1;3;2;9;2;46;1;6;21;3;12;4;15;2;5;16;1;60
2;4;2;2;5;28;2;1;10;1;3;2;118;4;4;9;1;1;3;2;2;1;2;9;1;6;65;7;7;14;4;4;4;4;5;6;4;3;30;1;2;20;4;3;6;2;37;4;1;4;1;1;14;15;2;3;12;9;12;9;1;30;1;4;2;6;1;46;4;8;2;21;1;1;9;4;14;2;1;7;64
2;1;4;1;3;5;2;28;2;1;7;3;2;104;3;4;9;1;1;3;2;1;2;9;1;6;54;5;3;7;6;4;7;4;7;3;5;6;1;3;31;2;2;21;18;5;7;36;5;4;2;5;1;13;15;68;5;12;3;5;10;1;1;1;4;2;28;2;45;4;8;2;12;1;1;3;4;5;2;1;16;1;1
2;5;1;3;5;2;28;2;1;1;7;3;2;87;9;4;9;1;1;3;7;2;1;1;6;52;13;3;8;6;4;2;4;5;3;7;1;5;6;1;3;34;5;2;27;29;5;9;28;2;5;4;8;2;5;1;2;15;82;6;8;2;5;10;3;1;1;4;2;33;1;32;4;8;2;2;5;1;3;4;2;2;1;31;1
2;4;3;3;8;3;11;3;2;4;3;31;1;1;1;5;12;4;1;6;2;2;6;3;4;2;2;1;6;3;17;1;2;3;3;4;1;6;5;98;6;11;1;14;1;40;17;2;5;9;1;1;1;4;3;6;4;46;7;1;1;4;35;5;27;17;4;2;3;2;7;2;1;9;2;2;3;2;75;7;15;2;1;6;12;2;5;16;2;16;2;1;1;2;7;1;3;1;1;9;4;1;3;2;45
2;4;4;2;3;8;6;12;3;10;4;3;1;3;31;1;1;1;5;16;4;2;9;2;2;7;7;4;3;10;1;6;1;3;3;15;1;2;3;3;1;8;5;2;1;112;5;11;1;14;1;33;4;2;8;1;11;1;1;6;1;5;3;1;6;4;35;8;2;1;9;8;37;5;27;21;4;2;3;2;2;2;1;13;1;2;1;9;2;2;4;1;1;72;7;18;2;1;6;2;2;7;14;2;16;2;1;4;2;8;1;5;1;1;9;4;1;3;49
2;4;4;2;3;8;6;12;3;12;4;3;1;1;3;31;1;1;1;6;22;4;2;15;2;2;12;14;4;3;17;1;6;1;3;3;5;10;4;2;3;3;1;8;5;2;18;107;5;11;6;14;1;35;2;10;1;14;1;1;15;1;5;3;1;6;4;33;8;2;1;16;8;34;5;27;21;4;2;3;2;2;2;1;16;1;2;1;2;9;2;2;4;1;1;71;7;18;2;1;1;6;2;6;7;2;16;2;1;4;2;8;1;5;1;1;9;1;1;3;5;49
2;4;4;2;5;4;3;16;3;12;4;3;3;1;1;3;31;1;1;1;4;22;4;1;21;2;2;9;16;4;3;26;1;6;1;3;3;5;8;6;2;3;4;1;8;9;1;1;2;29;91;9;5;10;14;1;35;2;12;1;15;3;1;4;1;15;1;5;3;1;6;4;17;8;2;2;16;8;27;5;25;21;4;2;3;2;2;2;1;20;1;3;1;7;9;2;2;4;1;1;1;58;7;18;2;1;1;6;2;6;2;16;2;1;4;3;2;9;1;5;1;1;9;1;1;3;5;49
2;4;4;2;4;4;4;16;3;12;4;3;3;2;1;3;1;31;3;2;1;4;20;7;1;21;2;2;11;16;4;3;28;1;1;5;1;3;1;3;5;8;9;2;2;3;4;4;1;21;7;2;2;33;78;9;4;13;14;1;35;2;13;1;20;3;1;4;1;15;1;1;11;3;1;10;4;7;8;2;2;16;8;15;5;17;21;4;2;3;2;7;2;2;4;21;1;3;1;12;9;2;2;4;1;1;1;41;7;18;2;1;6;2;2;1;14;2;16;2;1;4;3;2;9;1;5;1;13;1;1;3;5;44
2;2;4;4;2;3;4;4;10;2;6;11;4;3;3;2;1;3;3;31;2;1;4;17;7;1;21;3;2;19;16;1;3;28;1;2;5;1;3;1;3;5;1;2;10;2;8;3;5;1;7;1;29;7;2;2;38;66;7;4;14;14;1;35;2;13;1;22;3;1;4;1;15;1;1;13;3;1;14;4;7;5;2;2;16;8;1;13;5;16;21;4;1;2;3;2;1;2;8;2;2;4;16;1;3;1;12;6;2;2;4;8;1;1;36;7;29;2;1;6;2;2;9;14;2;16;2;2;4;3;9;1;5;1;13;1;1;3;5;44
2;2;4;3;3;4;4;7;6;10;3;3;3;1;1;3;3;31;1;1;4;17;1;1;1;18;1;3;4;2;3;27;15;1;3;27;1;6;4;6;1;2;3;1;3;5;1;2;10;2;8;3;3;1;5;1;1;7;5;2;37;7;2;2;39;55;4;3;14;14;1;32;2;13;1;21;3;1;4;1;15;1;1;9;1;1;17;4;12;3;3;2;16;8;1;8;5;11;24;1;2;3;2;1;5;8;2;3;2;4;26;1;3;1;12;6;1;2;4;8;1;1;36;8;32;1;2;6;2;2;9;10;2;16;2;2;4;3;9;1;5;13;1;1;5;46
2;4;3;3;4;4;13;8;9;10;1;3;3;3;1;1;3;3;27;1;1;2;4;22;2;6;3;17;1;1;3;4;2;5;29;13;4;3;26;1;5;2;1;2;3;1;3;5;1;2;10;2;8;4;3;2;5;1;1;7;6;2;1;41;6;7;2;2;39;52;6;4;14;17;5;29;2;16;1;1;1;1;22;3;1;2;14;1;2;10;1;12;4;14;3;7;2;3;4;8;1;10;5;7;24;1;3;2;1;7;13;3;6;2;5;28;1;3;2;1;12;5;1;2;4;8;1;1;32;8;35;1;2;3;2;2;9;10;16;4;2;3;3;9;1;5;12;1;2;5;47
2;4;3;3;5;4;13;12;1;2;11;11;1;3;6;3;1;1;2;1;3;13;1;2;2;9;29;2;6;3;21;1;8;3;4;2;5;31;14;6;3;28;1;5;1;1;3;3;1;5;1;2;10;2;8;5;2;5;1;1;1;1;7;6;2;5;48;6;7;2;2;39;1;51;8;3;14;17;14;22;16;1;1;1;1;22;3;1;2;14;1;2;11;1;12;4;25;3;11;2;3;4;8;1;9;6;19;1;5;2;1;8;13;1;8;2;5;28;1;3;2;1;12;2;1;2;4;9;1;1;32;8;30;1;2;3;2;2;9;11;16;2;2;3;3;5;1;5;12;1;12;5;38
2;4;3;3;5;4;13;12;3;3;11;11;1;3;6;5;1;1;2;1;3;2;2;2;2;5;29;2;6;3;34;1;8;3;4;5;31;15;6;3;32;1;5;5;1;3;3;1;5;1;10;1;8;5;2;5;1;1;1;1;7;10;2;5;63;6;2;2;39;1;37;8;3;20;14;14;15;16;1;1;1;1;24;3;1;2;14;1;2;11;1;12;4;37;2;11;2;3;4;8;1;6;7;17;1;2;5;2;1;8;13;1;8;2;5;28;1;3;2;1;12;15;1;2;4;9;1;1;32;5;30;1;2;3;2;2;9;11;8;2;2;3;3;9;1;5;6;1;1;23
2;1;3;2;4;4;1;8;10;3;3;11;11;1;3;6;5;1;1;5;1;11;1;5;1;5;37;3;5;3;45;1;8;3;4;5;33;15;6;1;32;1;5;11;1;3;3;1;5;1;10;8;5;3;2;1;1;8;1;1;6;10;2;5;76;6;2;2;39;2;21;8;2;28;3;13;5;16;1;1;1;1;1;21;3;1;14;1;2;5;1;11;45;2;11;1;3;4;4;1;5;7;9;1;2;2;2;1;9;13;2;10;2;5;30;1;1;3;1;1;12;22;1;9;1;1;30;6;22;4;2;3;2;4;2;9;3;2;1;3;3;2;2;5;1;1;9
2;1;2;1;1;2;9;12;3;2;11;3;1;1;6;5;1;7;6;1;9;5;1;1;3;31;3;5;2;48;1;8;3;4;5;35;11;6;24;1;5;10;3;1;5;1;10;8;5;3;2;1;1;10;1;1;6;10;1;5;84;6;4;3;38;2;7;3;8;2;28;4;3;13;5;7;1;1;2;1;20;3;1;9;1;1;5;11;52;3;10;1;3;4;1;3;3;1;5;1;2;2;1;9;13;2;8;2;4;24;10;3;3;1;12;25;8;1;5;23;6;24;4;2;3;2;4;2;9;3;2;1;3;5;7;1;9;5
2;2;1;2;2;1;2;11;21;3;3;11;4;1;1;8;4;1;7;6;1;9;5;1;4;3;25;3;5;3;42;1;8;3;4;5;31;7;6;18;1;5;1;4;3;1;1;7;8;5;3;2;1;1;10;1;1;6;10;1;5;93;6;9;5;21;2;5;3;8;2;23;7;3;13;3;1;1;5;1;19;3;2;4;1;1;10;1;1;11;52;5;10;2;3;4;1;3;3;1;5;1;3;1;2;2;1;9;13;2;8;2;4;28;18;3;3;1;10;25;8;1;11;6;27;4;1;4;2;4;2;9;3;2;1;3;3;7;1;11;1;5;1
1;3;2;6;1;2;10;1;2;7;21;3;3;11;4;1;1;5;4;1;6;6;1;9;5;1;4;3;25;3;3;6;46;1;8;3;4;5;39;5;6;9;1;5;1;4;4;1;4;1;1;5;8;5;1;6;1;2;1;10;1;1;6;11;1;1;5;100;6;14;5;7;10;2;5;1;3;4;2;19;7;3;13;4;1;4;1;1;1;5;1;1;18;5;9;1;1;10;1;1;11;57;5;10;1;3;1;3;3;2;5;1;3;1;1;2;2;1;9;13;2;8;2;4;24;18;1;1;3;1;5;25;8;6;6;27;4;1;4;2;4;2;9;3;2;1;2;7;1;24;1;5;1
1;3;2;9;1;19;14;2;7;21;3;3;11;4;1;1;1;8;3;1;6;1;1;2;5;4;4;3;25;3;2;6;57;1;8;3;4;8;42;5;6;9;9;5;1;4;5;4;1;1;1;1;2;6;5;1;6;1;2;1;10;1;1;3;12;1;1;5;97;6;14;5;1;6;2;6;1;3;4;2;15;7;3;13;6;1;6;1;1;1;2;5;1;1;14;5;9;1;5;1;1;7;68;5;11;1;3;1;3;3;2;6;1;3;2;1;2;2;1;9;6;2;8;2;2;23;18;1;1;3;1;25;1;10;6;6;27;4;1;4;4;2;8;2;2;1;2;3;1;1;30;1;5;1
1;3;9;1;35;14;2;8;21;3;3;2;5;6;1;1;1;1;8;3;1;6;1;2;5;4;4;3;25;3;2;6;58;1;8;3;4;8;34;5;5;9;9;4;1;4;5;7;4;1;5;1;10;1;5;1;6;2;1;10;1;12;1;1;5;97;6;14;5;1;4;3;6;1;3;4;2;14;7;4;14;6;1;6;1;1;1;2;5;3;1;12;2;5;10;1;7;1;1;4;71;5;11;13;1;3;8;3;3;2;6;1;3;1;2;2;9;9;2;8;2;2;23;18;1;1;3;1;25;3;3;2;8;27;4;1;4;4;1;6;1;8;1;4;2;5;3;1;1;30;1;5;1
1;1;3;9;42;14;2;8;21;3;3;2;5;6;8;1;1;1;1;8;2;6;1;2;5;5;3;3;25;2;6;6;59;8;3;5;24;5;5;11;9;1;2;6;9;4;1;5;1;10;1;2;1;5;2;1;10;7;1;1;5;98;6;14;5;1;1;3;4;7;1;3;5;2;14;7;5;14;7;1;6;1;1;1;2;5;4;1;11;2;5;10;25;7;1;1;1;1;70;9;13;1;3;9;2;3;3;3;1;3;1;2;2;6;9;2;8;2;13;18;1;3;7;1;5;7;3;7;27;4;4;4;1;6;1;8;1;7;3;5;3;1;1;30;1;1;1
1;1;3;9;49;14;2;7;21;3;3;2;2;6;14;1;1;1;10;2;1;6;1;7;2;4;6;7;3;17;1;14;4;59;1;7;3;3;21;5;2;14;9;1;2;7;9;4;1;5;1;10;1;2;1;1;4;2;1;10;6;1;1;4;109;14;5;1;3;4;6;1;3;3;14;7;2;10;17;1;6;1;1;1;5;4;9;2;1;4;10;23;7;1;1;1;1;76;5;13;1;9;3;2;1;1;3;1;2;2;6;5;1;5;1;9;18;1;4;5;1;5;10;3;7;22;4;1;4;4;6;6;1;6;1;2;3;5;3;1;8;1;33;1;1
1;1;3;10;56;13;2;3;20;1;3;2;8;14;1;1;1;7;2;1;6;9;2;4;6;7;3;11;5;17;4;65;1;3;3;26;4;12;9;1;1;7;9;4;1;1;6;1;10;1;9;2;1;4;8;10;2;6;1;1;105;14;5;1;3;4;5;1;3;1;14;7;2;1;24;1;6;1;1;1;5;2;4;9;2;4;10;5;1;1;1;2;1;1;78;1;13;1;9;3;2;2;1;3;1;2;2;5;5;1;7;1;10;18;3;1;5;5;1;13;10;1;9;23;4;1;1;4;1;4;9;6;1;1;6;1;3;5;5;1;1;33;3;1;1
1;1;3;11;19;1;13;2;6;18;3;1;2;9;14;1;1;2;8;1;7;9;2;5;6;7;3;13;5;63;4;53;2;3;3;26;3;8;9;1;1;7;9;4;1;1;6;1;10;4;1;9;3;1;4;1;8;10;2;2;1;95;14;5;1;3;4;8;1;3;1;8;7;2;2;34;1;6;1;1;1;5;2;4;6;2;4;10;10;1;1;1;5;2;1;72;1;13;1;1;2;9;3;3;2;1;3;1;2;6;5;1;7;1;10;18;3;1;5;5;1;5;10;1;9;27;4;1;1;1;4;1;4;9;6;1;1;6;2;3;5;5;1;2;33;6;1;1
1;1;3;11;2;1;13;1;6;18;3;1;2;9;14;1;1;2;8;1;2;9;7;6;8;7;3;10;4;73;4;41;2;3;3;24;3;8;9;1;18;1;7;9;4;1;1;6;1;10;7;1;3;18;1;3;1;8;2;2;2;1;82;14;5;1;3;4;8;1;3;1;7;2;2;35;1;6;1;1;1;4;2;6;2;4;2;4;10;3;9;1;1;2;1;68;1;13;1;1;2;9;5;3;2;1;3;1;2;5;5;5;1;8;3;4;1;5;4;6;11;1;6;27;1;1;1;1;4;3;9;6;1;1;6;2;3;5;4;1;2;32;6;1;1;1
1;1;1;3;11;1;2;1;13;6;9;1;1;2;2;9;14;1;1;2;13;3;1;1;9;7;7;8;1;7;11;4;78;4;39;2;3;5;28;8;10;9;1;19;1;16;10;4;1;1;6;1;10;7;1;3;1;3;1;8;2;4;2;1;74;2;12;2;1;3;4;12;2;1;1;3;2;2;37;1;6;1;1;1;3;3;12;4;3;2;4;12;9;1;1;2;1;69;1;13;1;1;2;9;5;3;2;1;3;1;2;5;8;5;1;8;8;2;1;5;8;3;6;11;1;6;22;1;1;1;1;4;3;9;6;2;1;6;2;3;3;5;2;1;3;24;6;1;1;1
1;1;1;1;16;1;2;1;15;2;4;10;1;2;3;6;14;1;3;2;11;3;1;1;9;7;7;8;1;5;9;4;20;3;43;2;3;5;31;7;22;9;1;13;1;10;4;1;1;7;1;7;1;3;1;3;2;8;1;4;5;2;1;65;2;10;1;3;4;16;2;1;4;1;2;2;37;1;6;1;1;1;1;12;4;1;2;3;8;11;2;2;1;79;2;13;1;3;2;9;3;2;89;1;1;2;5;12;7;1;7;2;1;5;9;1;12;6;3;6;19;1;1;1;1;4;3;9;6;2;8;6;3;4;3;2;5;2;1;3;3;22;6;1
1;1;10;1;2;1;7;2;4;10;1;2;3;6;14;1;4;2;11;3;1;1;9;2;7;7;8;1;5;9;4;20;36;2;3;5;30;7;22;9;12;1;10;1;7;1;7;1;1;4;3;8;1;4;5;1;50;2;5;1;3;4;16;2;1;6;1;2;2;38;6;1;1;1;2;11;4;1;2;6;3;1;11;1;2;2;1;81;2;13;1;3;2;9;2;2;86;3;1;5;5;12;11;1;12;2;1;4;13;4;12;6;3;6;19;1;1;1;1;1;4;3;9;6;2;8;6;3;4;3;5;1;2;2;2;3;3;9;6;1
1;1;7;1;81;1;3;2;4;9;3;1;2;3;6;14;4;2;9;3;2;1;1;9;2;8;4;8;1;5;9;4;19;32;2;1;3;2;26;7;20;1;11;1;12;1;7;7;2;1;4;3;8;1;4;5;2;41;2;3;4;4;15;2;2;6;1;2;3;47;4;1;1;2;11;4;2;8;3;1;10;1;2;2;1;84;1;13;1;3;2;1;9;2;2;3;5;5;12;11;1;13;2;1;5;14;4;11;4;1;3;6;23;1;1;1;5;1;4;3;9;7;2;8;6;1;4;4;3;5;1;2;2;7;4;3;3;6;1
1;1;7;1;74;1;3;2;3;11;1;3;4;14;4;1;9;3;2;1;1;9;2;8;4;8;1;4;9;4;21;38;2;1;2;30;7;20;1;11;1;5;1;2;7;2;1;4;3;8;1;4;5;4;33;2;3;1;3;20;2;2;6;1;1;5;52;4;1;1;1;9;4;1;8;3;1;6;1;2;1;1;87;1;1;3;2;1;1;2;2;3;3;8;11;1;14;2;1;5;14;4;3;11;6;1;5;4;13;1;1;1;5;1;4;3;9;1;2;1;1;3;3;1;5;1;2;2;7;4;3;3;6;8
1;8;1;76;1;3;3;3;12;1;3;4;6;4;1;9;3;2;1;1;9;2;8;3;8;1;4;9;4;17;52;2;1;2;36;7;18;1;10;1;4;1;2;7;2;1;4;3;8;1;4;5;4;24;2;4;1;2;19;2;1;6;1;5;54;1;4;1;1;1;8;3;2;8;3;1;6;1;2;1;86;3;1;3;2;1;1;2;3;3;8;11;1;14;2;1;3;10;4;3;7;6;1;5;4;10;1;1;1;5;1;4;3;9;1;2;1;1;3;5;1;2;2;7;4;3;7;6;8
1;8;1;9;1;3;3;3;12;1;3;4;4;1;7;3;2;1;2;2;1;8;5;8;1;4;9;9;71;65;1;1;1;2;41;7;15;1;1;9;1;4;1;2;7;2;1;2;3;1;4;5;5;9;2;4;1;2;19;2;1;1;6;1;5;44;1;4;1;1;2;1;8;3;3;1;8;3;1;5;1;2;1;85;6;1;3;2;2;1;2;2;3;1;7;15;1;14;2;1;2;10;4;3;4;6;1;5;3;14;1;1;1;5;1;3;4;1;2;1;3;5;1;2;2;7;4;3;4;6;8
1;7;1;6;1;3;3;3;12;1;3;1;4;1;7;3;2;1;8;2;1;7;2;5;8;1;5;8;5;65;62;1;2;1;2;2;47;7;15;1;1;9;1;4;1;7;2;5;1;2;3;1;2;5;5;6;2;4;1;1;1;20;2;1;1;6;5;37;1;4;1;1;2;1;8;5;6;1;1;8;3;1;2;1;2;1;80;11;1;1;2;2;1;2;1;3;1;7;20;1;14;1;1;8;10;4;3;4;1;6;1;5;1;13;1;1;5;3;1;1;1;3;3;5;1;7;4;3;4;3;8
1;6;1;58;3;3;12;3;4;6;3;2;26;2;1;7;4;5;8;1;9;6;5;4;66;2;1;2;2;51;7;15;1;1;11;1;4;1;3;2;5;1;1;2;1;2;5;5;1;2;4;1;1;1;24;2;1;1;6;4;27;1;4;1;2;1;8;5;6;1;1;8;3;1;3;1;2;75;12;1;2;1;2;1;3;7;23;1;15;1;1;8;10;4;3;7;1;3;1;8;9;1;1;5;3;3;1;1;1;1;3;2;5;1;7;2;3;4;1;8
1;1;6;1;48;3;3;12;3;4;1;9;3;1;2;5;42;2;1;5;4;5;1;14;2;1;5;4;69;2;1;2;2;56;7;15;1;1;12;1;5;1;1;2;5;1;1;2;1;2;5;5;1;2;4;1;1;36;2;5;1;6;4;26;1;4;1;2;1;6;2;6;1;1;8;3;1;6;1;2;1;67;12;1;2;1;2;1;3;7;28;1;15;5;8;1;8;10;3;3;7;1;3;1;8;9;1;1;5;1;10;1;1;1;1;1;1;3;2;5;1;7;2;3;4;1;8
1;7;6;43;3;4;9;12;1;3;1;5;1;1;2;14;53;2;1;10;4;4;1;12;7;5;3;3;65;2;1;50;2;13;1;1;3;1;4;1;1;2;4;6;1;1;2;1;2;1;5;1;4;1;1;34;5;1;6;4;24;1;4;1;1;2;1;6;1;1;8;1;1;14;1;2;1;59;2;13;2;1;2;1;3;4;35;1;16;22;1;8;1;14;6;3;3;7;1;3;1;8;9;1;4;1;5;1;1;1;4;19;1;1;3;2;1;1;3;2;5;1;7;1;3;4;1;2
1;14;3;2;10;7;10;12;1;1;1;5;1;1;1;2;17;68;2;2;10;4;6;1;13;7;5;32;3;66;2;1;47;1;1;3;7;4;8;1;6;7;1;1;1;5;1;3;1;2;32;5;1;2;4;28;1;4;1;1;2;1;6;2;1;8;1;1;22;1;2;2;49;2;12;2;1;2;1;3;37;1;10;39;1;8;1;7;5;3;3;9;1;2;1;5;3;9;10;1;5;3;1;1;15;32;1;1;3;2;1;1;7;9;3;1;27;1;4;1
1;14;4;28;26;7;10;12;6;1;5;1;1;1;2;18;86;2;10;4;6;1;13;7;5;2;3;66;2;1;43;1;1;3;7;4;8;1;14;7;5;7;1;2;32;5;1;4;23;1;1;1;2;6;2;1;2;1;22;2;2;50;2;12;2;1;2;1;36;1;5;39;1;8;1;6;1;3;9;1;2;1;5;5;9;10;5;3;1;1;15;32;1;1;3;2;1;1;12;9;39;1;4;1
1;14;4;2;32;7;10;9;7;1;5;1;1;1;28;100;9;4;6;1;13;8;5;2;3;59;2;43;1;3;7;2;8;15;15;1;3;8;3;1;32;4;1;3;12;2;1;2;6;2;1;1;22;2;2;44;2;12;1;1;2;21;38;5;47;1;8;7;3;9;1;2;5;23;5;10;3;1;1;32;1;3;2;1;14;8;48;4;1
1;14;5;2;49;7;10;1;7;1;5;1;1;1;29;1;113;9;4;6;1;13;8;5;14;3;55;2;45;1;3;7;2;8;15;15;1;1;2;1;12;3;2;27;4;1;2;7;2;1;2;4;5;4;1;22;1;2;2;44;2;12;1;1;2;3;38;4;48;1;8;8;7;1;3;29;4;10;3;1;1;32;1;3;2;1;20;8;3;62;4;1
1;14;12;2;52;7;10;2;7;1;5;1;1;1;29;2;123;9;4;6;1;13;8;5;8;3;44;2;1;41;1;3;9;2;8;15;9;1;1;1;2;3;1;1;11;4;2;27;4;1;1;2;5;1;1;2;6;4;4;1;22;1;2;2;44;2;11;1;1;2;3;40;4;50;1;9;8;17;7;1;3;29;8;2;12;2;2;7;1;1;32;1;4;2;1;32;9;1;2;3;67;1
1;14;12;1;55;7;10;4;7;1;5;1;1;1;29;2;125;9;4;2;1;13;8;2;3;32;2;1;41;3;9;2;8;15;9;1;1;1;4;1;2;16;4;4;27;4;1;2;6;1;1;6;6;3;3;1;22;1;2;2;40;2;9;1;6;4;36;4;50;1;27;8;21;1;10;1;3;29;4;5;13;2;2;11;1;1;1;32;1;3;2;1;32;10;1;4;3;67;1
1;14;12;1;63;8;10;4;10;2;1;5;1;1;1;29;2;119;9;2;2;1;1;12;8;2;3;25;1;1;30;3;9;1;8;15;4;1;2;1;8;1;4;17;1;3;4;32;4;1;2;6;1;1;6;6;3;28;6;2;2;32;2;4;1;1;1;5;7;33;3;50;1;45;4;35;1;10;1;3;32;4;7;13;5;2;11;1;1;1;37;1;2;2;1;29;10;1;4;10;65;1
1;14;12;5;63;8;10;4;10;3;1;5;1;1;1;29;2;2;101;1;8;2;1;8;8;2;3;20;1;2;26;3;7;1;8;15;4;1;2;1;4;1;2;4;17;1;3;4;27;4;1;1;2;6;1;1;6;6;3;27;6;2;2;29;2;3;1;1;7;30;2;50;1;63;8;35;1;7;1;38;4;7;13;5;2;11;1;1;1;34;1;2;2;1;29;10;1;4;10;65
14;12;1;63;8;10;4;10;3;2;1;1;24;2;2;85;5;2;1;3;6;3;3;17;1;2;21;3;6;1;7;15;4;1;2;1;1;10;4;17;1;3;4;15;1;1;2;6;1;1;6;6;3;24;6;2;1;29;2;3;1;2;5;15;25;2;45;1;81;4;35;1;6;1;52;4;7;13;5;2;11;1;1;27;2;2;29;10;1;1;4;13;67
7;12;1;64;7;1;3;5;12;3;1;1;1;15;2;2;74;2;3;2;1;1;3;17;1;2;24;3;6;1;7;11;5;1;2;1;1;1;11;4;17;1;3;4;13;1;1;2;6;1;6;6;2;4;3;17;1;6;2;1;29;3;2;2;2;2;5;15;19;1;28;99;4;31;1;4;1;6;5;56;4;7;9;6;2;10;1;18;1;29;10;1;1;4;14;64
10;5;54;2;3;6;12;3;1;1;12;2;2;59;3;2;1;3;11;1;2;28;2;1;9;20;1;2;1;1;5;11;5;15;1;1;2;4;10;11;1;2;2;1;6;6;1;2;5;3;7;1;6;29;3;2;1;2;2;15;22;1;11;117;4;8;1;4;1;3;5;53;4;12;4;1;6;1;2;9;1;5;2;4;1;25;2;1;1;4;14;55
9;5;38;2;3;2;6;7;3;1;5;11;2;2;41;3;2;1;3;8;1;2;25;2;1;1;20;1;2;3;1;1;9;11;5;11;1;1;2;4;10;11;1;2;2;1;6;6;3;2;1;1;4;7;1;6;21;3;2;1;2;2;15;19;1;11;135;4;8;1;4;1;3;5;51;4;12;4;1;6;1;2;9;1;5;2;4;1;20;2;1;1;1;4;14;43
9;5;32;2;3;2;6;6;3;1;5;1;2;2;27;3;2;3;1;8;2;2;24;2;1;8;1;1;3;1;1;3;1;12;11;5;10;1;1;1;3;10;4;11;1;2;2;6;6;5;2;1;1;4;7;1;6;13;3;2;1;2;2;15;17;3;153;4;20;2;4;1;3;5;33;4;12;4;1;6;1;2;9;1;5;2;4;1;18;2;1;1;1;4;14;34
8;3;15;2;3;2;6;6;3;1;3;1;2;14;3;2;3;1;5;2;2;18;2;1;7;1;1;3;1;11;1;22;11;5;6;1;1;1;2;10;4;4;11;1;2;6;2;12;2;1;1;4;7;1;5;7;3;2;1;2;2;12;17;2;171;2;20;3;4;1;3;5;27;1;12;4;1;6;1;2;9;1;5;2;4;1;12;2;1;1;1;4;11;20
6;3;4;3;1;2;4;12;1;2;1;18;7;10;16;1;1;4;11;1;3;4;5;1;3;6;3;1;3;5;3;26;11;1;5;15;5;2;2;4;1;4;6;4;1;5;1;4;3;12;2;2;2;10;1;1;1;12;1;2;1;1;2;2;1;14;1;15;1;180;6;1;27;1;4;4;19;1;1;1
3;6;3;5;1;1;1;5;9;1;2;14;7;7;1;1;2;1;3;5;4;1;6;3;15;3;1;3;33;11;3;5;5;2;2;5;1;4;1;3;1;2;1;4;3;3;5;3;2;2;10;1;1;11;13;6;1;11;7;1;1;2;2;2;14;15;1;169;1;11;27;6;1;4;22;1;1;1
1;5;1;2;5;4;1;2;3;5;24;1;3;1;1;2;1;3;5;1;1;3;1;3;15;1;1;3;36;11;1;17;2;1;2;6;8;1;4;2;1;2;1;1;4;3;2;8;3;5;2;3;2;1;2;1;5;16;6;1;1;9;1;1;1;4;8;9;1;5;1;2;152;9;7;6;3;4;29;1;1
1;5;2;1;3;7;4;1;7;4;1;6;1;3;1;2;2;1;3;5;1;1;3;1;3;15;3;1;2;3;42;9;2;1;19;6;1;6;10;1;4;2;1;2;3;1;1;7;4;3;2;8;5;4;3;1;1;7;1;5;18;6;1;1;9;1;1;4;8;9;1;5;7;2;134;9;11;18;10;6;4;31;1;1
1;2;1;1;1;3;2;3;1;8;21;5;3;1;2;5;4;3;1;1;1;15;6;4;6;1;2;3;5;9;42;1;1;1;3;1;7;17;5;10;31;2;4;3;7;7;1;1;1;3;20;2;1;2;1;9;8;6;13;2;116;11;10;4;1;4;4;1;5;1;1;1;1;1;6;2;4;1;7;3;1;11;6;1;7;5;1;6
1;2;2;1;1;4;1;5;13;11;4;2;7;1;7;4;1;4;1;1;5;1;1;1;3;5;6;1;1;1;1;15;8;1;2;2;41;4;1;32;3;2;1;5;10;1;4;1;2;1;3;3;1;7;2;3;1;4;2;10;1;4;7;1;17;18;6;1;6;9;1;7;4;13;15;3;98;2;5;11;10;11;6;1;31
1;2;1;1;4;3;11;4;2;1;7;4;1;1;1;2;3;8;5;6;1;1;2;7;8;1;13;44;1;6;43;4;1;5;10;2;5;2;1;2;11;3;3;1;7;2;3;1;3;13;10;1;4;7;1;17;11;6;1;6;9;2;1;3;1;31;15;3;80;2;15;11;10;1;6;1;36;1
1;2;1;1;4;3;3;11;3;1;7;4;1;1;1;2;11;5;6;1;5;1;5;7;19;2;15;1;42;1;6;57;4;1;19;1;2;5;2;1;2;11;4;3;1;7;2;3;1;1;3;15;10;1;2;8;7;1;17;8;34;1;10;9;2;1;4;4;1;41;23;3;62;2;15;11;10;1;6;6;2
1;2;3;3;9;1;9;1;15;58;23;4;2;3;10;4;1;1;12;6;6;4;1;2;4;45;2;1;1;3;2;7;13;22;10;4;1;6;35;15;1;3;3;1;7;2;2;8;4;2;1;2;1;2;9;4;42;23;3;44;2;7;11;10;2;1;1;1;6;5;2;1;2;5;7;3;1;11;11;1;1;5;1;10;1;6
1;2;3;3;9;14;1;1;15;3;58;25;4;2;3;17;4;1;7;1;4;6;6;4;1;2;4;1;39;2;1;8;3;1;2;7;13;25;10;4;1;7;6;36;3;20;1;3;5;3;4;7;2;2;8;4;2;1;2;1;2;1;9;4;42;23;3;26;2;22;11;9;2;1;1;1;6;7;2;1;1;2;5;7;3;1;11;11;1;1;5;1;10;1;6
1;2;5;3;9;14;2;1;1;15;3;2;58;33;4;2;3;10;5;2;1;12;1;6;6;4;1;3;2;1;1;36;2;1;13;3;3;3;8;13;8;1;10;4;1;11;6;29;3;20;1;1;7;3;4;7;2;2;25;4;4;2;1;2;1;2;1;9;4;42;23;3;8;2;33;11;8;2;1;1;1;9;7;3;3;1;2;5;7;3;3;11;11;1;1;5;1;1;28;1;6
1;2;21;3;9;1;14;10;1;1;3;15;3;10;57;47;6;3;4;28;8;3;1;12;1;6;4;1;3;2;1;29;2;1;14;3;4;2;3;8;1;12;5;1;10;4;1;11;6;26;4;20;1;6;7;2;4;5;2;1;2;29;4;5;2;1;2;2;2;2;1;2;4;42;23;3;2;2;33;11;8;2;1;1;1;3;7;8;3;2;1;1;2;5;7;3;11;11;1;1;5;1;1;7;8
1;2;21;3;1;11;1;14;10;1;1;5;15;3;10;45;46;4;3;1;26;7;3;1;12;1;6;1;1;3;2;2;1;36;2;1;15;3;4;5;3;6;3;12;5;2;2;4;1;11;8;19;4;20;1;6;8;2;4;5;1;1;1;2;28;4;5;2;1;2;2;3;2;1;4;37;20;1;1;2;40;4;8;2;1;1;4;3;7;8;3;1;2;1;1;2;5;7;3;5;11;11;1;1;5;1;2;7;8
2;21;3;4;12;1;14;10;1;1;7;13;3;10;43;49;4;3;1;24;11;3;2;12;6;1;3;2;2;36;2;1;17;1;4;5;3;2;4;12;31;2;1;4;1;11;8;19;4;1;2;6;8;4;1;1;2;1;2;5;3;5;2;1;2;2;4;2;1;6;37;18;1;1;2;40;1;2;20;1;7;3;7;8;3;1;2;1;1;1;5;3;5;5;11;1;1;5;1;2;7;2
3;20;4;15;1;14;10;1;1;7;9;3;10;43;56;3;2;1;24;12;3;2;12;6;3;2;36;1;2;1;16;3;1;1;4;5;3;1;4;29;2;1;1;4;1;11;13;19;4;1;1;2;6;8;4;1;2;7;1;1;3;1;3;1;3;5;3;1;2;2;3;2;1;6;36;12;1;2;2;40;1;2;20;1;9;6;2;7;8;3;4;2;1;1;1;5;3;5;11;1;1;1;1;2;5;2
3;20;4;12;1;1;14;10;1;7;17;3;10;32;66;3;1;3;18;16;1;5;2;12;6;1;10;2;2;39;1;1;1;2;1;16;3;1;1;4;5;3;4;4;29;2;1;1;4;11;8;19;4;1;1;2;1;6;8;4;1;2;6;1;1;1;5;1;1;5;3;2;3;2;4;3;29;14;3;33;2;18;7;19;11;2;7;8;3;4;2;1;1;5;3;5;9;1;1;1;1;2;2
3;18;4;16;1;1;14;10;1;7;17;3;10;26;66;3;5;1;3;18;11;3;6;2;12;6;1;13;2;2;44;2;1;1;16;3;1;2;4;5;3;7;4;32;2;7;1;4;11;7;23;4;1;1;1;6;8;4;1;2;6;3;1;5;1;1;5;1;2;5;2;1;3;11;21;3;33;1;7;7;19;1;11;2;7;8;3;4;2;1;1;4;1;2;5;3;1;1;1;2;2;2
18;4;12;1;1;14;10;1;7;16;3;10;15;52;2;7;1;3;18;11;3;7;1;12;6;1;1;14;2;2;49;2;1;1;16;3;1;2;4;5;3;7;4;30;2;7;2;11;7;33;4;1;1;1;6;8;4;1;2;6;10;1;5;1;1;5;1;2;5;1;2;1;14;3;33;1;5;7;19;4;11;1;2;2;8;2;4;2;1;1;4;1;2;5;1;1;1;2;6;2
18;4;9;1;1;5;10;1;7;16;3;10;15;48;2;7;1;3;18;11;3;8;1;12;1;1;2;7;14;2;2;57;2;1;1;16;3;1;2;4;5;1;7;4;36;2;7;17;1;11;7;43;4;1;1;1;1;6;8;3;2;6;12;1;5;1;5;1;2;5;4;2;25;3;35;8;5;7;19;4;11;1;2;2;6;2;4;2;1;1;1;2;5;2;1;1;1;6;2
18;4;10;1;1;12;8;18;1;10;17;46;3;7;1;3;15;11;3;8;1;5;7;1;1;2;7;14;2;2;2;56;2;1;1;9;3;2;3;5;1;7;4;36;2;7;20;4;7;36;1;1;1;1;1;7;3;4;2;6;12;1;5;1;5;1;2;2;5;3;2;1;42;3;20;8;7;24;4;11;1;2;6;2;4;2;1;1;2;5;2;2;1;2;1;6;2
16;4;15;1;1;10;8;19;1;8;19;43;3;7;1;3;6;11;3;6;1;8;1;1;2;7;11;2;12;2;2;55;2;1;1;4;3;2;1;5;1;4;47;1;7;20;7;36;1;1;1;1;1;6;1;5;7;9;1;12;1;5;1;1;1;3;2;5;3;2;1;56;3;9;8;7;24;4;8;1;2;5;4;2;2;1;5;2;2;2;1;6;2
1;1;7;1;1;1;2;4;11;1;1;2;3;7;24;11;6;19;4;2;12;1;2;5;3;1;2;2;1;2;19;8;55;2;5;1;4;17;8;1;1;6;36;1;1;3;3;3;7;2;5;1;1;5;8;3;4;12;1;3;51;1;2;5;1;1;7;20;3;2;1;1;1;73;2;2;9;1;7;8;3;12;36;1;2
1;1;7;1;1;2;3;11;1;1;3;7;21;11;6;29;4;3;8;1;2;3;3;1;2;2;1;2;19;45;2;5;1;3;17;8;1;1;2;36;1;1;1;2;3;3;7;11;2;1;1;2;9;12;3;9;1;1;55;1;2;5;1;5;7;20;3;1;1;1;76;2;2;2;8;5;6;1;36;1;2
1;5;1;1;2;8;1;1;3;7;23;11;32;40;8;2;2;12;4;2;56;1;2;21;1;2;5;1;3;17;1;2;2;33;1;1;1;3;1;7;37;11;2;1;1;3;9;2;6;6;3;2;3;3;19;1;5;7;5;2;6;1;2;2;86;2;2;2;8;5;6;1;1;9;4;1;5
1;32;1;1;1;2;8;1;3;7;22;11;4;5;6;12;4;2;1;1;2;19;44;2;2;15;1;11;4;22;1;1;1;1;3;2;7;41;1;11;1;1;7;9;2;2;6;3;1;58;3;2;19;1;5;7;5;3;16;1;3;2;86;3;2;12;8;6;1;9;1;5
1;26;1;2;5;7;11;4;4;11;6;1;4;2;1;1;2;6;41;1;3;16;1;4;12;1;1;1;3;7;11;1;1;1;1;16;10;2;8;3;2;2;60;8;2;19;1;2;7;3;4;6;1;3;2;83;14;2;14;8;6;1;10;41;1;5
1;31;1;2;5;7;14;1;3;9;7;1;9;1;4;2;57;1;2;6;30;1;3;26;4;12;1;1;1;3;2;12;1;1;2;16;10;8;1;1;8;2;19;1;2;2;4;6;1;3;4;76;14;2;14;8;4;1;10;39;1;1;5
1;32;1;2;5;7;14;5;1;2;6;1;17;1;4;2;1;1;2;5;23;1;2;38;4;12;1;1;1;3;3;12;1;1;2;16;10;8;1;1;53;29;3;1;2;18;4;6;3;4;75;14;2;14;7;1;10;8;1;1
1;32;1;2;5;14;5;1;6;24;1;6;2;1;2;5;16;1;3;55;4;12;1;1;1;3;3;12;1;1;2;16;10;7;7;1;1;49;24;3;8;3;4;6;7;4;64;14;2;12;2;10;8;1;1
3;32;3;1;9;3;18;6;24;10;6;1;1;3;1;2;3;70;4;12;1;1;1;1;6;1;12;1;1;2;16;7;8;6;1;1;48;24;2;9;2;4;6;7;4;47;14;12;2;2;1
12;29;9;3;6;26;4;1;1;2;28;2;3;4;75;7;1;1;1;7;12;1;1;2;6;11;8;9;1;1;36;1;2;9;3;4;16;7;4;33;14;12;2;24;1;2
15;19;9;3;6;27;3;1;2;3;38;2;4;2;77;1;1;1;8;12;1;1;2;6;15;8;15;1;1;27;1;2;9;3;16;7;5;24;23;12;5;29;1;12
15;9;2;10;3;6;27;3;1;3;4;44;2;4;2;1;84;1;1;8;12;1;1;2;6;17;8;18;1;1;25;36;2;9;2;3;16;7;6;25;29;12;5;2;4;1;19
15;7;2;1;11;5;27;2;1;3;7;43;2;4;2;1;89;3;1;1;12;10;1;1;2;5;18;8;23;1;1;20;11;1;9;11;2;10;5;7;26;34;13;5;2;33;1;19
15;7;2;1;27;3;1;4;2;1;3;7;45;2;4;89;1;1;1;21;10;1;1;2;1;1;18;8;23;1;1;20;11;10;7;1;4;4;7;29;32;3;5;2;29;1;19
15;3;7;2;28;1;11;3;2;1;1;4;2;1;2;7;45;4;4;88;1;5;1;4;28;10;1;1;2;1;17;8;23;2;22;11;1;7;4;4;7;27;20;1;6;2;29;1;19
15;3;2;3;3;18;3;2;1;4;2;1;3;2;7;44;5;4;73;1;5;4;28;10;1;1;2;1;17;8;23;2;20;11;1;7;1;4;4;5;11;28;20;2;6;2;21;19
15;5;1;4;9;3;10;2;3;2;2;4;2;1;3;2;7;46;5;2;58;1;6;4;28;10;1;1;4;4;17;8;23;2;21;11;11;7;1;1;4;4;5;28;20;2;2;6;2;23;19
15;5;1;4;9;3;3;2;3;2;6;2;4;1;3;2;7;43;5;1;40;1;6;4;28;11;10;1;1;4;7;1;17;1;21;2;20;11;12;1;1;1;1;4;5;28;20;2;8;5;1;2;27;19
12;5;1;4;9;3;4;3;3;2;8;2;4;1;3;2;7;39;4;4;1;23;2;6;2;2;2;17;6;2;1;28;3;4;8;16;20;2;22;28;12;2;1;1;5;4;4;28;20;2;8;2;5;1;1;11;4;19
3;5;1;4;9;3;4;1;3;2;12;2;4;3;2;7;31;6;5;1;16;3;6;2;2;2;17;5;4;1;28;6;4;8;10;14;5;29;28;12;10;1;1;5;4;4;28;20;2;8;2;2;5;1;1;11;4;17
5;1;4;9;3;4;12;3;2;12;2;4;3;1;6;1;21;6;7;12;3;6;2;2;2;17;4;4;1;28;12;4;8;4;8;5;36;25;14;1;1;5;4;2;3;20;11;1;2;8;2;2;3;1;1;11;6;7
5;1;2;9;3;4;11;3;2;12;2;4;3;5;1;21;6;7;5;3;6;1;31;8;2;17;4;4;1;26;15;4;8;1;5;5;32;1;14;1;5;4;2;2;2;14;5;1;2;8;2;2;4;1;8;6
5;2;2;2;4;5;3;12;2;4;3;1;21;6;7;3;6;2;9;2;17;4;1;17;18;4;8;1;9;5;31;1;14;1;5;1;2;3;1;1;8;2;2;4;1;32;6
5;2;2;2;4;5;12;2;1;1;17;7;7;3;5;2;10;2;17;4;1;7;18;2;10;9;5;31;1;14;1;5;8;2;1;3;1;2;2;4;1;1;32;6
2;2;2;4;4;4;16;1;1;1;25;7;7;1;2;7;2;4;4;6;18;2;19;9;4;30;1;14;1;5;8;2;1;3;1;2;2;17;1;1;40;6
2;1;4;4;1;12;28;1;1;25;19;7;1;2;9;2;13;4;6;19;2;1;8;9;5;30;14;1;5;28;2;1;1;2;2;17;1;1;46;6
4;4;1;17;28;1;23;27;7;2;14;18;4;6;19;2;24;7;27;14;5;6;2;1;1;2;2;17;1;1;54;6
4;2;17;22;1;1;22;27;7;2;20;18;4;5;20;2;21;8;24;14;4;4;3;1;2;2;6;1;53;6
2;4;2;17;20;1;1;23;27;3;20;2;4;17;2;20;1;8;24;12;3;1;2;18;1;59;6
2;4;2;17;17;1;1;34;25;6;21;3;1;14;2;20;1;5;24;4;1;4;1;18;1;69;6
2;4;20;2;2;17;1;1;37;26;5;20;3;1;11;2;20;1;5;17;1;2;4;5;22;1;76;6
2;4;25;6;2;17;1;44;26;5;3;22;5;3;1;8;2;20;1;9;17;1;2;1;4;14;20;1;64
2;4;25;6;2;17;1;1;55;26;5;4;23;9;3;1;13;2;20;1;9;20;1;2;1;4;21;20;2;73
2;4;27;6;2;17;1;1;63;26;5;4;22;9;3;1;13;2;18;2;1;9;20;1;2;1;4;22;20;2;84
2;4;1;1;23;6;2;13;1;1;65;28;5;4;21;9;1;13;2;9;3;1;9;20;1;1;2;1;4;22;19;2;83
2;1;1;6;15;6;2;1;1;1;80;14;5;4;19;1;9;1;12;1;1;3;1;7;24;1;1;2;4;22;10;2;86
2;1;1;6;10;6;2;3;1;1;2;1;81;6;5;4;14;1;1;9;1;12;1;3;1;5;25;1;1;2;4;2;22;5;2;84
2;1;1;6;10;6;2;4;1;2;1;78;7;5;4;8;1;1;8;1;1;11;1;3;1;4;24;1;1;2;2;13;22;9;2;89
1;1;6;10;1;6;2;7;1;1;2;1;78;8;5;4;8;1;2;12;1;1;11;1;3;1;4;20;1;1;2;1;2;18;22;9;2;87
1;2;1;6;11;4;6;2;7;2;2;1;67;8;1;4;7;1;2;12;1;11;1;3;1;4;14;1;2;1;1;18;22;9;2;80
1;3;1;6;8;4;4;7;2;1;64;7;4;6;1;2;8;1;8;1;3;1;5;14;1;1;3;18;17;9;2;71
1;3;1;6;3;4;7;2;1;51;7;1;2;1;2;8;1;8;3;1;1;14;1;1;3;18;8;4;2;70
1;3;1;6;3;4;7;2;40;7;1;2;1;3;1;1;11;1;1;3;18;1;8;1;60
1;3;1;6;1;4;7;2;30;6;1;2;1;1;1;1;9;1;1;3;18;8;49
1;3;2;1;1;1;3;20;2;18;2;3;8;1;1;42;5;6;4;7
1;3;2;1;1;3;5;2;18;2;3;8;1;33;2;4;7
3;2;1;1;3;4;2;16;3;8;1;25;1;4;4
3;2;1;3;4;1;5;3;5;1;9;1;4;3
3;2;2;3;1;1;3;1;3;3
1;1;2;1;1;3
2;3
2;3
2;3
2;3
3
3
3
3
None
None
None
None
None
None
None
None
None
None
None
None
None
None
None
None
None
None
None
None
None
None
None
None
None
None
None
None
None
None
None
None
None
None
None
None
None
None
None
None
None
None
None
None
None
None
None
None
None
None
None
None
None
None
None
None
None
None
None
None
None
None
None
None
None
7
16
17
18
18
20
21
21
21
21
15
9
8
5;7
4;18;7
8;1;4;4;2;34;2;2;5
10;1;5;5;3;36;2;20;5
10;1;5;5;8;5;44;3;3;4;2;28;3;7
10;1;5;5;10;7;53;2;4;8;7;2;31;4;8
10;1;1;5;5;10;7;68;2;3;18;4;4;8;8;2;31;4;8
8;6;4;79;1;4;10;1;5;8;4;8;4;1;29;6;31;7;1;6;1;11;2
8;6;5;95;1;4;10;2;5;8;4;8;12;4;29;6;31;4;1;6;2;1;11;11
9;6;5;108;1;4;10;2;5;5;8;4;8;1;1;12;6;29;6;32;6;1;6;15;1;11;19
5;15;6;5;104;2;5;1;10;2;5;6;8;4;8;1;1;2;12;4;6;29;6;32;7;1;1;6;15;1;11;19
13;1;21;6;5;99;4;5;1;10;2;5;2;8;7;4;12;1;2;2;12;3;7;6;29;6;36;11;2;3;1;1;1;6;15;1;11;19
13;1;24;3;5;89;5;5;1;1;2;2;5;6;6;10;2;12;1;2;4;12;5;4;8;6;29;1;8;15;1;39;15;2;6;1;1;6;4;1;11;21;1
14;6;1;30;2;5;99;5;5;1;1;1;2;5;7;5;2;11;3;12;5;2;4;12;5;4;8;6;29;1;12;15;2;1;26;1;16;2;6;1;3;1;6;8;1;15;23;1
14;7;1;32;6;5;93;5;8;2;1;1;2;2;5;10;3;3;2;11;2;12;5;2;4;12;5;4;9;6;1;29;1;12;15;2;1;1;20;1;19;2;16;1;3;1;6;8;1;7;21;1;1
21;7;1;34;12;14;84;6;7;5;1;1;9;2;5;1;16;5;2;2;11;4;16;5;18;6;12;5;4;13;6;9;27;1;6;12;15;2;2;3;18;7;1;2;2;16;1;3;1;6;6;8;1;2;7;21;1;1
31;8;1;42;12;11;78;14;7;5;1;1;9;2;5;1;16;5;2;4;11;5;15;5;18;6;12;5;4;19;6;10;11;1;6;12;15;2;3;3;31;7;1;2;2;12;1;3;1;4;6;8;1;2;7;21;1;1
35;8;1;45;11;10;76;1;10;22;7;5;1;1;1;9;1;5;1;16;5;1;4;11;5;15;5;18;6;8;5;4;20;5;1;10;12;15;2;3;3;44;7;1;2;1;2;6;1;3;1;6;8;2;6;21;1;1
41;8;1;45;11;7;78;11;2;10;30;7;1;1;1;9;5;5;1;16;5;1;4;11;5;15;5;18;5;13;20;2;1;10;12;8;2;3;3;59;7;1;2;1;2;6;1;3;1;1;6;13;2;6;12;1;1
49;8;1;44;11;7;83;11;2;10;40;7;1;1;1;1;6;9;5;1;16;5;1;4;11;5;15;4;16;5;13;22;1;1;10;12;8;2;3;3;75;7;1;1;1;2;6;1;12;1;3;1;1;6;3;2;2;7;4;1;3;1
47;9;1;48;17;6;95;11;2;10;46;6;1;1;3;11;10;5;1;15;5;1;4;11;7;15;4;15;5;4;13;23;1;1;2;10;12;8;9;2;3;3;89;7;1;1;1;2;6;5;18;3;1;1;6;6;3;2;7;4;1;3;1
1;39;9;6;50;18;6;94;11;2;44;6;1;1;2;3;11;11;5;1;16;5;1;4;3;4;10;17;4;10;2;4;13;20;1;1;2;10;12;5;11;2;3;3;90;7;1;11;1;8;5;18;8;1;6;6;3;2;7;4;1;3;1
39;9;18;47;17;11;90;2;43;6;1;3;9;3;11;11;7;5;1;12;5;1;4;3;1;10;19;15;4;7;4;9;19;1;7;1;2;10;4;4;11;2;2;85;7;1;8;1;10;5;18;8;6;1;6;6;3;2;7;4;3;1
38;4;24;1;41;17;13;78;2;43;6;6;1;13;3;11;10;10;3;1;10;5;1;3;2;3;9;24;13;6;4;10;4;9;19;1;3;2;10;7;11;2;80;7;5;1;10;5;18;5;9;1;1;6;6;3;3;2;9;2;3;1
38;3;32;2;36;13;13;76;1;2;43;4;8;1;13;3;12;9;10;2;1;7;2;1;3;2;3;10;26;13;1;13;4;9;18;1;1;1;2;3;2;9;3;11;2;3;78;7;3;1;14;5;18;5;9;1;6;6;3;10;1;2;2;9;2;3;1
2;32;3;38;4;2;29;7;4;81;1;1;1;1;44;2;8;2;1;2;13;8;12;2;1;10;1;1;2;2;3;2;7;24;3;16;1;1;13;4;9;15;1;1;1;2;7;1;1;1;1;4;11;1;3;77;1;1;15;5;18;5;9;1;1;6;3;17;2;4;3;4;3;1;1
2;4;24;4;73;1;8;1;1;3;1;20;1;9;3;1;67;2;3;1;19;9;1;38;2;12;39;4;18;13;2;3;1;1;10;1;3;1;2;1;3;12;4;1;2;2;8;4;10;2;1;24;16;1;1;1;1;2;5;1;5;5;3;6;1;4;23;2;8;5;2;1;1;2;2;3;13;6;1;7;11;4;17;4;2;3
2;4;27;4;64;1;8;1;3;1;20;1;9;5;1;54;2;7;1;19;9;8;38;6;12;31;4;18;13;1;3;1;1;9;1;3;1;2;1;3;26;4;1;2;13;8;13;10;2;1;24;16;1;1;1;4;2;5;1;5;8;3;6;1;4;19;2;8;5;2;1;1;7;1;2;3;23;6;1;7;11;4;25;4;1;2;3
2;4;43;2;46;1;1;8;1;4;1;20;1;10;1;39;2;13;20;9;15;38;8;12;23;3;18;13;3;1;1;9;1;3;1;2;1;3;37;4;1;2;22;8;23;10;2;1;24;16;1;1;1;11;2;5;1;5;13;3;6;1;4;13;2;1;8;5;2;1;1;17;3;2;3;23;6;1;7;11;4;36;4;1;2;3
2;4;56;2;28;1;1;8;1;9;1;4;20;1;10;1;22;2;14;1;20;9;25;38;8;6;13;4;6;13;1;1;1;7;1;3;1;2;1;3;41;3;1;2;30;7;27;10;2;1;24;16;1;1;1;13;2;6;1;5;13;3;1;4;5;2;9;8;5;2;1;1;28;14;2;3;25;6;1;6;11;4;38;4;2;2;3
3;1;4;54;2;15;1;1;8;1;9;1;8;20;1;10;1;8;2;15;2;20;9;30;1;39;8;1;1;7;5;13;2;1;1;2;3;1;2;2;1;3;44;2;3;1;2;36;1;3;5;28;10;2;1;24;16;1;1;13;3;3;1;5;13;1;4;2;1;9;2;3;2;1;1;29;14;2;4;25;5;1;7;2;38;4;6;2;3
3;1;1;4;55;2;9;3;1;8;1;8;1;8;19;1;10;1;3;3;2;15;2;20;9;36;1;34;8;3;1;8;5;11;2;1;1;2;3;1;2;2;1;1;3;44;2;3;1;2;43;1;7;5;27;10;2;1;18;16;1;1;13;3;3;1;18;1;4;2;10;1;3;2;1;1;35;14;2;1;27;2;1;10;36;4;16;2;3
3;1;1;4;56;2;9;3;1;8;1;8;1;8;13;1;10;1;5;4;2;15;2;20;3;39;1;22;8;3;1;8;5;4;2;1;1;1;2;3;1;2;2;1;1;3;47;2;3;1;2;55;1;7;5;27;3;2;1;17;5;1;15;3;3;1;20;1;4;2;10;1;3;2;1;1;51;14;4;1;27;2;1;14;36;4;16;2;1
3;1;1;4;65;13;5;2;1;5;9;8;10;1;1;10;1;6;3;8;1;15;2;17;46;2;15;11;4;1;8;3;2;1;1;2;1;2;3;1;2;2;1;1;3;47;3;1;13;1;2;67;3;7;5;28;2;1;13;3;1;15;3;3;1;29;1;4;2;10;2;2;5;2;1;1;51;14;6;2;27;4;1;1;38;4;16;2;1
3;2;1;2;7;10;1;4;13;76;2;3;13;80;5;2;1;8;3;5;6;7;1;28;1;14;9;3;2;2;2;5;5;54;9;33;7;12;7;1;3;1;1;15;13;2;2;5;3;10;16;1;6;2;1;1;1;3;18;8;1;51;31;3;1;16;47;15;2;1;3;1;11;1;1;1;1;4;2;33
1;1;1;1;10;1;90;2;3;9;1;93;5;1;6;3;1;7;28;51;14;9;3;6;2;2;16;70;9;37;7;13;2;1;18;8;35;1;5;2;10;13;6;2;1;1;25;8;19;15;3;3;1;16;47;15;2;3;1;5;1;36;1;1;2;1
1;2;1;1;1;10;3;96;1;5;8;1;106;5;1;2;3;1;7;1;26;49;14;8;1;6;2;2;21;10;1;32;36;12;3;3;24;1;10;1;7;13;6;2;1;1;1;2;1;5;32;15;23;3;1;16;35;12;2;3;4;1;31;74;2
1;2;1;5;1;10;3;104;1;5;9;1;1;113;5;8;2;3;1;7;1;17;44;13;8;1;6;2;2;33;5;10;4;23;36;8;6;5;24;1;10;1;1;1;5;13;6;2;1;6;1;2;1;5;32;1;11;1;15;6;1;15;21;8;2;3;5;1;28;67;2
1;3;1;96;2;12;1;5;6;32;10;1;6;10;1;6;6;24;4;1;1;14;1;2;2;8;60;3;1;1;6;9;2;4;1;33;1;13;2;4;2;10;1;1;1;2;1;1;1;10;3;1;1;7;109;3;7;2;8;1;1;1;1;13;1;1;1;1;1;1;2;4;1;9;24;1;1;9;3;1;8;1;34;11;6;2;1;26;38;1;1;13;1;4;5;15
1;3;1;89;2;1;16;1;5;6;32;5;1;7;6;1;7;6;24;7;1;1;17;2;1;1;8;51;3;1;1;6;13;2;4;2;33;2;1;27;2;4;2;10;1;1;1;2;1;1;4;3;6;1;12;1;6;1;1;10;101;3;1;7;2;8;1;5;1;1;1;17;1;1;1;1;1;1;1;1;2;4;2;1;18;2;24;1;1;1;3;1;8;1;23;6;2;1;24;43;4;1;13;1;3;11;14
3;86;2;1;16;1;10;6;32;5;1;9;2;1;1;7;6;24;7;1;1;17;2;1;8;46;3;1;6;16;2;3;1;2;33;2;1;35;4;2;2;10;1;4;1;1;1;1;13;3;3;1;22;1;6;1;1;11;96;2;1;4;2;6;1;10;1;1;1;5;17;1;1;1;1;1;1;1;1;2;5;2;17;3;24;1;10;1;3;1;8;5;22;6;1;1;24;45;7;1;12;1;3;1;17;10;3
2;79;2;1;25;1;8;6;32;5;1;16;2;1;1;10;1;2;3;24;8;1;1;17;2;1;8;5;43;3;1;6;21;2;2;1;2;1;33;4;1;37;4;2;2;10;1;4;1;3;4;1;21;1;5;3;1;22;1;6;1;1;11;89;2;1;7;1;10;1;5;1;6;20;1;1;2;3;1;1;1;1;2;5;2;19;3;2;19;1;2;24;2;3;1;8;5;16;6;1;1;22;45;7;1;9;1;3;1;24;2;8
2;83;2;1;30;2;9;1;6;32;5;1;16;2;1;1;10;1;2;1;24;8;1;1;22;2;1;1;1;8;6;40;3;1;6;24;6;4;1;2;1;33;4;1;37;4;2;5;10;6;1;3;4;1;24;1;9;1;22;2;1;6;1;1;17;5;77;2;1;1;7;1;10;1;11;1;6;6;23;1;1;2;3;1;1;1;1;2;5;1;21;3;5;17;2;2;25;2;3;1;8;5;4;1;1;22;46;13;1;5;2;1;3;1;24;9;8
2;76;2;1;33;2;7;1;6;27;4;1;30;2;1;1;9;1;2;21;8;1;1;21;2;1;1;1;8;8;33;2;1;3;23;6;4;1;2;1;33;4;1;37;4;2;5;8;6;1;3;4;1;25;1;9;1;22;3;1;6;1;21;6;65;2;1;3;6;1;10;1;11;1;15;6;29;1;1;2;3;1;1;1;1;2;5;1;30;5;5;9;2;3;2;25;2;1;9;5;1;22;45;13;1;9;3;1;1;1;24;9;8;3
2;66;2;1;37;2;7;1;6;19;6;1;30;1;1;1;1;9;1;2;8;8;1;1;25;2;1;1;1;7;11;25;2;1;2;22;6;4;3;2;1;2;28;4;1;37;1;4;5;2;5;8;6;1;3;4;1;25;1;11;1;22;3;1;6;1;1;29;6;57;2;1;5;6;1;1;11;1;11;1;17;6;33;1;1;1;2;3;1;1;9;1;1;2;5;2;1;30;5;5;5;2;5;2;25;1;2;9;5;1;1;16;30;14;1;9;1;3;1;2;1;24;9;8;3
2;61;2;1;45;4;8;1;1;1;1;2;6;15;6;3;31;1;2;1;3;12;1;2;7;12;1;1;33;2;2;1;2;7;1;11;9;2;1;1;25;1;6;5;3;2;1;4;17;4;1;37;2;8;6;3;8;2;7;1;3;4;1;1;25;2;1;2;13;3;1;22;5;2;7;1;1;3;37;6;49;4;1;13;8;1;1;12;1;12;1;2;10;9;17;6;34;1;1;1;1;3;3;1;1;13;1;2;6;6;2;30;7;5;2;3;7;2;2;25;2;2;9;2;5;1;2;12;15;16;4;1;9;3;6;1;3;1;26;9;16;3
1;2;57;2;1;51;6;9;1;2;1;1;4;5;2;6;3;35;4;1;5;11;1;2;1;10;1;36;2;2;1;2;2;7;1;11;4;4;1;4;36;2;5;15;3;2;1;4;12;4;1;37;1;4;7;6;4;8;13;1;3;4;1;1;30;2;1;3;15;3;1;22;6;2;7;1;1;3;38;6;34;4;1;15;8;1;1;12;1;11;1;2;12;11;17;7;33;2;1;1;1;5;3;1;2;15;2;2;6;9;2;33;7;5;2;1;3;7;2;2;29;2;2;4;14;4;6;2;2;4;14;21;4;1;9;5;6;1;3;1;32;9;16;3
1;2;43;2;1;50;5;9;1;2;1;2;1;5;1;2;7;3;1;40;8;1;5;9;1;2;1;10;1;48;1;2;1;2;2;2;6;4;1;11;4;8;1;4;36;2;5;15;3;2;4;4;1;37;1;4;5;6;4;8;3;13;1;3;4;1;1;30;2;1;3;15;3;2;22;6;2;7;1;1;3;34;6;16;4;1;15;8;1;1;13;7;11;1;2;12;11;17;7;30;2;1;1;1;8;3;1;2;15;2;2;6;9;2;30;7;5;2;1;3;7;1;2;29;2;2;9;10;4;6;2;2;3;14;21;4;2;1;9;5;6;3;1;32;9;16;3
2;35;1;47;5;8;1;2;1;4;1;5;1;2;5;2;1;39;9;1;4;8;1;2;1;8;39;1;2;1;2;2;5;2;8;1;14;5;6;1;3;32;2;4;13;3;2;4;4;24;1;4;5;6;1;4;7;12;12;1;3;4;1;1;29;2;1;3;14;3;4;2;22;7;2;7;1;1;4;35;6;11;4;1;15;7;1;12;6;11;2;2;12;11;17;7;25;2;1;1;1;8;3;1;15;1;1;1;4;27;2;27;8;5;1;1;2;8;1;2;28;2;11;11;4;5;2;1;12;20;3;2;1;9;5;6;3;11;9;1;9;2;16;3
2;29;43;5;8;1;2;1;4;1;5;5;2;1;5;2;39;13;1;4;7;1;2;1;1;5;36;2;1;3;2;5;2;10;1;17;4;6;1;3;28;2;4;13;3;2;4;10;2;2;4;6;6;1;4;7;29;23;1;3;4;1;26;2;1;3;12;3;4;2;10;8;1;4;1;1;4;35;6;11;4;15;3;1;14;6;11;2;2;12;11;17;6;21;2;1;1;1;8;2;1;1;15;1;1;1;2;21;2;16;6;5;2;1;1;2;8;2;28;2;17;11;4;5;2;1;7;17;3;2;1;9;5;6;2;11;9;1;9;4;16;3
2;27;43;5;3;1;2;1;4;1;5;6;2;1;5;2;37;12;1;4;8;1;2;5;1;4;5;36;2;11;2;7;2;17;1;19;4;6;1;3;24;2;4;5;13;2;2;4;2;2;2;8;4;6;6;2;1;2;7;37;30;1;3;3;1;17;2;1;3;12;3;4;2;14;2;2;1;1;4;3;44;6;10;4;16;3;1;24;6;11;1;3;12;11;17;3;21;2;1;1;1;11;2;1;1;15;1;1;1;1;15;2;16;5;5;2;1;1;2;8;2;24;2;24;11;4;1;2;2;3;4;14;3;2;3;1;9;5;6;2;10;9;1;9;4;13;3;1
5;25;2;35;10;3;1;2;1;4;1;5;8;2;1;5;2;30;19;1;4;5;18;1;4;5;37;2;11;2;21;2;25;1;3;1;6;1;4;17;2;4;5;15;2;7;4;2;8;4;6;6;4;1;2;7;41;33;1;11;2;23;10;3;4;1;27;2;2;1;1;7;6;48;6;10;4;17;2;1;24;6;7;1;3;12;11;17;2;18;2;1;1;1;12;1;2;1;15;1;1;1;1;8;2;14;5;3;2;1;1;2;9;2;14;2;28;12;1;4;1;2;2;3;5;14;3;2;12;1;9;5;6;5;10;11;1;7;5;11;3;6;1
17;20;2;28;9;2;4;2;3;4;1;5;8;2;1;5;2;30;33;1;4;5;29;1;7;5;31;1;1;1;36;10;30;1;3;1;4;1;4;14;2;5;13;4;15;4;2;8;4;6;6;4;1;2;4;56;33;1;1;8;7;2;37;6;3;4;1;41;2;2;2;1;7;6;47;3;10;3;18;15;1;24;6;1;1;3;12;11;11;2;15;2;1;1;1;12;1;1;9;1;15;1;1;4;1;1;8;2;12;5;11;2;1;1;1;9;2;15;2;31;14;1;4;1;2;2;3;4;8;8;2;14;1;1;1;7;5;6;8;10;10;1;5;18;3;10;2
1;19;20;3;21;9;6;4;2;11;4;1;5;8;2;1;5;4;19;35;1;4;10;1;29;1;7;5;28;1;2;1;37;11;39;1;3;1;2;6;1;4;14;2;8;13;4;15;4;7;2;8;5;6;6;4;1;5;4;67;35;2;1;1;7;8;3;36;6;3;5;1;45;2;1;2;3;1;7;7;51;2;10;2;15;15;1;25;6;2;2;3;12;11;2;2;8;2;1;1;1;12;1;1;1;1;1;9;1;15;1;1;4;1;3;10;2;3;3;11;11;2;1;1;1;6;2;2;19;2;34;18;1;1;4;1;6;2;2;4;3;16;10;2;14;1;1;1;1;5;4;9;12;8;1;5;18;10;2
1;19;19;3;4;17;9;15;4;2;11;4;1;5;8;2;1;7;4;21;35;4;11;1;29;1;1;7;5;24;1;3;2;1;37;11;52;1;3;1;3;8;1;4;14;2;8;13;2;1;13;4;14;2;8;4;6;1;4;1;12;4;81;36;2;1;1;7;8;5;36;4;3;5;1;45;2;1;1;2;3;1;6;7;50;2;5;2;13;16;24;6;2;2;3;2;12;11;2;6;2;2;1;12;1;1;1;1;1;11;1;6;1;1;4;1;3;9;1;3;3;17;11;2;1;1;1;4;2;2;1;30;1;45;1;19;1;1;4;1;12;1;2;4;3;18;10;2;14;1;1;1;1;4;4;8;12;8;1;5;18;1;10;2
1;22;13;3;7;8;10;16;4;1;10;4;3;8;11;1;17;2;21;34;2;9;1;1;29;1;7;1;1;16;1;2;3;37;10;64;36;1;6;45;1;4;11;1;8;3;12;2;1;11;4;15;2;8;3;4;4;1;11;1;90;39;2;1;7;8;3;1;2;1;5;1;13;1;1;1;2;3;5;7;50;2;7;5;14;24;6;1;2;1;3;2;2;2;1;2;2;11;1;1;1;11;8;2;13;1;4;1;7;5;3;2;29;11;2;5;1;2;2;1;38;55;2;1;19;1;1;2;1;3;12;1;1;4;1;16;7;2;14;10;1;1;5;1;2;1;7;1;6;1;5;10;1;2
1;20;9;3;7;2;8;15;4;10;4;2;8;22;1;24;2;17;2;34;8;1;1;29;1;7;1;1;2;14;1;2;3;1;94;4;9;69;38;1;6;43;1;8;3;2;2;1;11;1;4;15;1;8;1;1;4;4;1;11;38;33;2;1;2;5;8;3;1;5;1;14;1;1;1;1;3;3;5;7;48;2;7;7;3;14;24;6;1;2;2;3;3;10;2;1;9;1;1;1;11;13;4;1;9;2;3;36;9;2;5;1;2;2;1;37;61;2;1;13;1;1;1;1;4;12;1;4;1;11;8;2;14;10;1;9;1;1;7;1;2;2;5;10;1;2
1;20;9;3;7;2;8;16;4;10;2;1;3;2;7;22;1;23;2;7;2;34;8;1;1;1;29;1;7;1;1;2;9;1;1;2;3;2;37;4;9;65;39;1;6;39;3;1;1;1;8;3;9;2;1;11;1;4;15;1;8;1;2;3;4;1;11;91;33;1;1;1;4;21;8;3;1;1;5;1;17;1;7;1;1;3;7;5;7;48;2;7;3;14;24;1;1;2;2;3;3;11;2;2;5;1;1;1;11;13;4;2;9;4;5;3;36;9;2;5;2;2;2;1;1;43;1;57;2;1;12;1;1;1;1;4;12;1;1;4;2;12;8;14;10;1;9;1;1;2;1;7;1;2;2;5;10;1;2
1;20;19;5;7;4;8;16;4;10;1;3;2;7;22;1;22;2;7;2;38;8;1;1;2;1;29;7;1;3;2;11;1;1;1;2;3;2;1;34;4;9;61;36;1;5;40;8;1;1;1;3;8;3;12;2;1;11;1;4;15;1;8;1;4;3;4;1;11;82;37;1;1;1;5;21;8;3;1;1;1;1;17;1;7;1;2;3;8;5;7;45;2;7;3;16;2;24;1;1;1;2;3;3;9;2;2;5;1;1;1;11;4;2;9;4;17;2;36;11;2;5;2;1;2;1;1;52;5;1;55;3;1;17;1;1;1;1;4;12;1;1;4;6;12;8;14;10;1;9;1;1;2;1;7;3;2;1;3;10;1;2
1;20;24;5;7;7;10;16;4;10;1;3;2;3;22;25;2;7;2;42;12;1;1;7;2;1;29;6;1;4;2;22;1;1;2;2;3;2;4;3;34;4;9;59;33;1;5;23;8;1;1;2;4;8;3;12;2;1;11;1;4;15;6;1;6;8;3;4;1;11;65;26;3;1;1;1;12;21;8;3;1;1;1;1;42;1;7;1;2;3;8;5;7;42;2;5;7;3;16;2;18;1;1;1;2;3;3;9;2;5;1;1;11;4;2;9;5;17;3;36;13;5;2;1;2;1;1;52;5;1;49;3;1;17;1;1;1;1;4;12;1;1;4;6;13;8;14;10;1;9;1;1;2;1;7;3;2;1;3;2;10;1;2
1;21;21;5;7;13;11;17;4;10;1;3;2;2;22;26;2;7;2;45;12;1;1;1;1;7;2;1;24;3;1;5;2;25;1;1;4;2;4;5;4;3;32;4;9;52;1;34;1;5;24;8;1;1;3;5;3;3;13;2;1;11;1;2;1;15;1;6;10;5;2;1;11;57;16;3;1;1;1;12;21;8;3;2;3;1;1;1;35;7;1;1;3;11;5;4;32;2;5;7;2;1;2;17;2;3;1;1;1;1;3;3;13;2;2;1;1;11;4;3;10;7;5;18;3;36;2;5;4;1;2;1;1;48;5;1;42;3;1;17;1;1;1;1;4;12;1;1;7;13;8;11;9;1;9;2;1;2;1;7;3;2;1;3;2;10;1;2
1;18;31;5;7;14;8;17;4;12;1;3;2;22;26;5;7;2;38;13;1;1;1;1;7;2;11;3;5;2;25;1;1;4;3;4;5;4;3;18;4;9;44;1;25;1;5;22;8;1;1;11;5;3;3;11;2;1;8;1;2;1;15;1;8;10;5;1;1;11;53;14;4;1;1;1;11;21;9;3;2;1;3;1;1;28;7;1;1;3;12;2;1;28;2;5;7;2;1;4;19;2;4;1;1;1;1;3;3;18;2;1;1;1;9;4;3;12;8;19;3;36;2;6;4;1;2;1;1;46;5;1;38;3;1;17;1;1;1;3;4;12;1;1;8;13;9;2;4;1;1;9;2;3;1;6;3;7;1;2;2;7;1;1
1;11;31;13;7;16;8;17;1;10;1;3;1;22;26;5;7;2;24;1;13;1;1;1;1;7;2;1;5;3;34;1;4;3;4;5;4;3;4;4;2;39;1;10;1;5;8;8;5;1;11;5;3;3;11;3;1;2;1;15;1;8;1;10;5;1;1;13;39;12;4;1;1;1;11;21;2;3;2;1;3;1;1;28;8;1;1;3;15;2;1;23;5;7;2;2;3;6;2;8;1;1;1;1;3;3;18;2;1;1;2;3;15;8;19;1;3;36;3;6;8;1;21;1;1;44;5;2;2;35;1;15;1;2;2;3;4;12;1;1;8;13;4;1;3;6;1;3;3;10;1;2;2;1
9;33;12;7;25;8;13;1;2;1;3;1;22;26;3;4;2;23;2;8;1;1;1;7;2;1;1;5;3;42;3;4;2;4;5;4;3;3;4;1;30;1;10;4;25;8;5;1;11;5;3;12;3;1;2;1;8;1;1;7;10;5;1;1;10;32;11;4;1;11;21;1;2;2;1;3;4;8;1;1;2;15;5;7;2;1;3;6;2;7;24;1;3;3;20;2;1;2;3;14;8;19;1;1;25;4;5;12;1;29;1;1;41;5;2;2;32;1;10;2;3;3;4;6;1;9;5;2;6;2;18;1;3;1;10;1;2;2;1
16;34;17;3;41;8;4;1;2;4;1;3;1;22;22;3;2;2;23;2;7;1;1;1;7;2;1;2;5;3;52;3;4;2;1;2;5;4;3;3;4;1;17;1;1;8;3;23;1;8;9;1;11;5;1;3;12;3;2;1;1;1;1;7;10;5;1;5;23;10;4;1;11;21;1;2;1;3;4;8;2;2;8;5;7;2;1;3;5;2;11;24;1;1;3;19;1;1;2;3;15;1;8;19;1;1;19;4;5;15;1;38;1;1;30;5;2;2;21;9;2;3;3;4;1;9;2;2;6;1;2;20;1;5;1;10;1;2;2
25;33;21;57;5;8;1;2;10;1;3;1;11;12;3;1;6;2;23;2;6;1;1;1;7;2;1;2;4;3;61;2;4;2;1;1;5;4;3;3;4;1;5;1;1;8;4;1;8;9;1;11;5;1;12;1;1;2;1;1;1;7;8;5;1;5;17;6;4;1;11;21;1;2;1;3;16;8;2;1;5;1;2;1;3;5;2;10;24;1;3;16;1;1;3;2;3;10;1;1;8;19;1;1;8;4;1;20;1;41;1;22;5;2;2;11;1;9;2;3;3;1;1;9;2;2;6;2;2;20;1;5;10;1;2;2
27;34;21;63;5;9;2;10;1;3;4;3;1;1;9;21;3;6;1;1;1;7;2;1;4;1;2;4;1;66;1;4;2;1;1;5;4;3;15;7;1;1;6;4;1;8;9;1;13;5;1;12;1;1;2;1;1;7;8;5;1;8;2;6;4;1;13;16;1;2;1;3;1;14;1;2;1;1;5;1;2;1;1;3;5;2;10;23;1;15;1;4;1;3;4;2;3;9;1;1;8;19;1;1;1;3;1;23;1;51;1;1;19;5;2;2;1;1;9;3;3;3;6;1;9;2;1;6;2;2;20;1;6;8;2;2
27;34;21;78;5;8;2;10;4;3;1;1;1;17;3;6;1;1;1;7;2;1;5;1;2;4;1;59;4;2;3;3;2;4;2;3;23;13;1;3;11;1;5;2;1;12;4;1;5;2;1;1;1;1;6;8;5;8;1;6;4;11;1;1;5;3;2;9;4;1;2;1;1;5;1;11;1;1;3;5;2;9;19;2;16;5;3;4;2;2;1;12;1;1;8;14;1;1;1;5;1;28;1;56;1;13;5;3;2;1;7;3;3;3;6;8;1;1;1;6;2;2;2;20;6;6;2;2
27;24;19;94;5;8;2;10;4;3;1;1;1;12;3;6;1;1;1;7;1;5;1;2;2;1;57;3;2;3;3;2;4;2;2;24;21;1;3;3;1;2;12;2;6;2;2;1;1;1;1;4;8;5;10;1;2;4;10;1;1;5;3;2;9;11;1;1;1;5;13;1;1;3;3;9;18;3;16;5;2;3;4;2;2;1;12;1;1;8;2;1;1;1;3;1;28;1;56;1;4;1;7;2;1;4;3;3;6;4;1;1;1;6;2;2;2;20;6;6;2;2
27;21;19;108;3;8;2;10;1;3;1;1;1;4;3;2;1;1;1;1;5;2;2;1;1;46;2;2;3;4;2;24;25;1;3;5;1;13;11;1;10;2;2;1;1;1;1;2;2;2;10;1;2;1;3;1;1;5;3;2;1;1;1;8;2;1;1;3;3;9;5;20;3;16;6;4;3;4;2;2;1;12;5;1;8;2;1;1;2;1;28;1;56;1;4;1;7;2;1;4;3;3;6;1;4;1;1;6;2;2;2;20;6;1
26;21;19;115;2;7;2;10;3;1;2;8;1;3;1;1;5;1;5;2;2;2;1;44;2;3;3;1;2;24;25;1;2;4;1;10;24;1;2;1;1;1;1;1;2;12;1;2;1;3;1;3;2;1;1;1;2;19;1;3;5;9;5;19;2;13;6;4;3;4;3;2;11;3;1;3;1;1;1;2;1;26;1;56;1;3;1;7;2;1;4;3;3;6;1;3;1;1;6;2;2;2;20;7;1
26;13;17;125;7;10;1;1;2;1;8;1;3;1;12;1;5;2;8;2;1;44;2;2;2;3;1;2;24;1;25;1;2;1;2;34;1;2;1;1;1;1;1;12;1;1;2;1;2;2;1;1;2;18;1;14;8;5;18;2;10;6;4;3;4;8;2;9;3;1;1;2;26;56;1;1;1;6;2;1;4;2;1;6;1;1;1;6;2;2;20;5;1
1;21;13;9;138;7;10;1;1;2;1;8;1;2;1;12;1;5;3;8;1;36;2;2;2;3;1;2;1;12;24;1;2;1;2;36;1;2;1;1;1;1;1;10;23;1;2;1;2;2;7;4;1;2;14;1;14;4;5;15;2;10;6;6;3;4;8;2;6;1;1;22;44;1;1;1;1;5;4;5;3;1;1;6;2;1;1;6;2;2;14;5;1
1;21;9;9;141;7;10;1;1;2;1;8;1;1;12;8;3;8;1;36;2;2;2;3;2;1;20;24;1;2;1;1;2;36;2;1;1;1;1;11;19;1;2;1;1;2;17;4;1;2;1;14;1;14;4;5;6;2;9;6;13;5;3;4;8;2;5;1;1;18;36;1;1;1;5;4;6;3;1;11;2;1;2;2;2;2;4;1;10
5;14;13;4;139;10;1;6;2;2;2;1;8;1;4;1;12;1;1;8;3;8;3;35;9;2;2;4;2;6;1;27;24;2;1;1;38;1;2;1;1;2;1;7;14;6;3;1;2;2;1;2;28;4;1;2;2;1;10;1;18;5;6;2;4;1;6;18;5;2;1;9;10;2;4;1;1;15;5;27;4;1;1;1;5;6;7;1;3;1;12;2;6;1;1;2;2;1;3;4;10
7;2;12;1;126;5;1;2;1;2;1;3;1;4;1;12;1;1;8;3;8;8;26;2;2;4;4;6;1;29;24;2;1;2;1;5;38;6;2;2;1;1;1;1;14;11;14;1;2;2;1;2;30;4;1;1;2;2;7;10;8;19;5;6;2;4;1;6;2;1;6;2;9;10;4;1;10;5;19;15;1;1;1;2;5;6;7;5;4;18;3;1;12;7;1;17;1;2;1;2;2;3;6;10
7;10;8;125;4;1;1;2;1;1;2;1;12;1;1;4;2;8;8;1;20;4;2;5;4;4;7;2;30;18;2;1;3;1;1;38;19;7;2;1;1;1;1;14;9;14;4;2;2;1;1;30;4;3;1;4;3;1;7;10;8;19;5;5;2;8;1;2;3;18;6;4;10;10;3;1;6;5;5;19;1;2;1;2;5;6;9;5;4;1;1;1;6;7;1;18;1;2;1;2;2;2;8
7;10;1;110;4;1;1;2;1;1;1;2;1;12;11;1;3;2;8;8;1;20;4;7;4;2;4;5;7;30;12;1;2;19;1;1;38;14;7;1;1;1;1;14;1;37;5;2;2;3;30;4;3;1;4;3;1;7;3;8;19;5;5;2;1;6;1;1;3;18;6;4;10;8;1;3;5;19;1;2;1;2;4;6;9;8;4;1;1;1;6;7;1;18;1;2;2;2;8
7;10;1;92;9;1;1;2;1;1;4;1;2;6;1;12;17;1;3;2;8;8;2;20;4;7;4;2;4;5;7;30;4;1;2;26;1;1;1;33;14;7;1;1;1;1;1;12;54;5;2;2;5;30;4;3;1;4;3;1;10;3;8;19;5;5;2;6;1;1;3;16;6;4;3;10;10;1;3;5;19;1;2;1;2;6;9;8;4;1;1;1;6;7;1;18;1;2;2;1;2;8
7;8;1;8;9;1;1;2;1;1;13;1;2;3;6;1;12;17;1;3;1;75;8;7;20;7;7;4;1;4;5;7;30;1;2;36;1;1;1;29;14;7;1;1;1;1;1;1;12;57;5;2;3;5;30;4;4;1;4;3;1;10;3;8;19;1;3;2;6;1;3;14;6;4;3;10;10;1;3;5;19;1;2;3;1;2;6;9;8;4;3;1;1;6;1;6;1;4;18;1;2;2;1;1;2;8
7;8;1;6;9;1;1;2;1;13;1;2;4;6;1;7;19;1;3;1;62;8;9;19;7;7;4;1;4;5;7;30;1;2;1;3;1;1;1;15;14;7;2;1;1;2;10;57;5;2;3;5;4;30;4;4;1;4;1;3;1;10;42;8;16;1;1;2;5;1;3;14;7;5;3;10;9;3;5;19;1;1;2;3;1;6;9;8;4;3;1;1;6;1;6;1;5;18;1;2;1;2;1;1;1;8
7;6;1;49;9;1;1;2;19;1;2;4;6;1;19;1;3;1;2;8;9;18;7;5;4;1;4;5;7;29;1;2;1;3;1;1;1;5;14;7;2;1;1;2;10;57;5;2;3;5;5;30;4;4;1;4;1;3;1;10;49;8;5;1;1;2;4;1;6;14;7;5;3;10;4;3;5;19;1;2;2;3;1;6;8;8;4;5;1;6;1;6;1;5;18;1;2;1;2;1;1;1;8
6;1;6;1;34;9;1;1;2;32;1;2;4;6;1;19;1;3;2;8;9;17;7;5;4;1;4;5;6;18;5;1;2;1;3;1;1;1;3;57;7;2;5;1;2;10;14;1;2;3;5;5;23;4;1;4;3;3;1;11;51;8;5;2;1;2;3;1;6;12;7;5;3;10;4;3;5;19;2;2;2;3;1;2;4;8;4;5;1;6;1;5;1;5;18;1;2;1;3;1;1;1;8;1
6;11;6;19;22;9;2;1;1;2;48;1;5;4;6;1;1;1;2;8;9;9;7;5;4;1;4;5;6;10;1;2;1;3;5;1;3;57;7;2;10;1;2;9;13;1;2;3;7;5;5;13;4;1;4;3;3;1;11;60;8;5;2;1;2;2;1;6;5;2;2;3;4;3;5;19;2;2;9;3;1;2;3;8;4;5;1;2;1;1;5;1;5;18;1;2;1;1;1;1;1;8;1
2;16;1;1;8;6;2;1;2;1;56;1;1;4;6;18;2;5;9;7;5;4;2;1;6;3;1;2;1;3;1;4;1;8;6;1;18;1;2;9;57;1;1;1;14;4;5;5;2;4;1;3;3;3;1;11;62;1;1;2;1;2;1;6;2;3;1;2;3;16;2;2;18;3;2;8;7;7;1;2;1;5;1;5;12;2;1;1;3;1;2;4;1
3;16;3;65;1;2;3;2;3;5;2;3;5;1;1;2;5;1;1;18;2;1;2;2;2;1;2;1;1;2;1;3;3;64;1;2;1;1;4;6;4;1;6;51;1;1;1;3;14;1;18;1;2;1;5;1;3;1;9;4;8;5;2;5;4;3;1;1;1;1;6;3;1;10;5;1;2;1;1;3;5;21;5
3;18;1;2;3;1;3;1;2;3;5;14;2;5;68;1;18;1;2;2;2;2;1;1;3;2;3;3;64;1;2;1;4;6;1;1;10;38;1;1;1;3;14;1;11;1;2;2;1;2;1;3;1;8;4;4;5;2;4;3;1;1;5;1;1;2;1;3;5;21;4
3;18;3;2;8;3;1;2;3;5;14;2;5;61;1;18;1;2;6;2;3;2;1;1;3;3;3;64;1;2;1;6;6;1;3;1;10;20;1;2;1;3;14;1;1;1;2;2;1;2;1;3;1;9;4;1;4;5;1;1;1;1;2;1;1;2;1;1;5;21;2
3;18;3;3;2;3;5;14;2;2;52;1;18;1;2;6;2;3;2;1;3;3;3;3;60;1;2;1;6;3;3;1;10;3;6;1;1;14;2;5;1;2;2;1;3;1;8;4;1;4;5;1;1;1;1;2;1;2;1;2;1;5;21;1
18;3;3;2;5;12;13;2;7;42;1;18;1;2;6;4;3;1;3;3;3;3;51;1;1;1;4;3;3;1;10;7;2;1;2;14;4;6;1;2;2;1;3;1;3;1;1;4;5;1;1;1;1;1;16;1;2;1;1;21;1
18;3;7;3;1;9;5;9;19;13;2;7;30;18;2;7;5;3;1;2;3;3;3;51;1;1;1;1;3;3;3;3;10;7;13;1;2;14;4;7;4;2;2;1;3;2;1;1;1;1;4;1;1;1;1;1;22;1;10;1;21;1
18;3;1;3;1;11;5;10;30;11;2;9;23;18;2;7;5;3;1;5;3;3;3;45;2;5;3;3;5;7;7;18;1;1;14;4;7;5;3;10;1;3;4;2;1;3;1;1;4;2;4;1;3;1;1;29;1;12;4;1;21;1
17;3;2;1;3;1;11;5;10;31;11;2;8;26;13;2;7;7;3;4;5;3;3;3;32;2;5;3;3;7;7;7;18;1;1;1;14;4;1;6;3;10;7;3;4;2;1;3;4;2;1;1;3;1;1;9;33;9;12;4;1;19
7;3;2;1;3;1;11;5;10;31;1;11;1;9;17;8;2;8;6;3;4;1;1;5;3;3;3;18;3;5;4;3;8;7;1;7;18;1;1;4;7;4;1;7;3;10;7;1;3;4;2;1;6;6;1;3;2;1;3;1;1;15;33;10;13;5;1;12;3
2;2;2;4;1;2;1;11;2;10;31;1;9;1;8;15;2;3;8;6;3;4;1;1;5;1;3;2;17;5;4;6;4;4;3;8;7;1;7;18;1;1;3;1;7;10;7;15;3;4;2;1;10;6;1;3;5;1;3;1;1;2;33;10;13;5;3;9
2;2;2;4;1;2;1;11;2;10;31;1;6;1;8;12;2;3;1;8;8;7;4;7;1;5;1;20;6;4;23;7;4;2;8;5;1;4;3;18;1;1;3;1;4;10;7;3;4;2;1;22;6;2;1;5;1;3;1;1;15;33;13;13;4;16
1;2;2;4;1;2;1;11;2;31;1;2;1;8;9;1;2;3;1;7;8;3;4;9;1;6;10;33;9;4;29;3;2;3;2;8;1;4;7;18;1;1;2;11;8;10;7;3;4;2;1;34;6;2;1;6;1;3;1;1;15;33;5;14;13;4;31
1;2;4;1;2;1;12;2;31;1;2;1;8;5;1;1;2;1;8;18;8;4;9;1;6;10;34;9;4;36;8;2;3;1;7;1;4;5;2;1;1;1;5;25;3;10;6;8;2;4;1;1;46;6;2;1;8;15;3;1;33;5;5;26;13;4;32
1;6;2;4;1;1;1;12;2;29;1;1;1;8;5;1;1;2;1;8;18;8;4;9;1;6;10;1;35;9;4;36;2;2;1;1;7;4;1;4;1;2;1;1;1;6;38;15;10;2;8;2;4;3;1;61;6;1;2;1;1;8;15;8;1;31;5;5;28;13;4;33
2;6;2;4;1;1;12;1;22;1;1;3;5;1;1;2;1;8;16;6;4;9;1;6;10;1;35;9;4;36;2;2;1;1;7;4;1;1;4;2;1;1;1;8;40;14;10;1;8;2;3;3;78;6;1;1;1;1;8;15;8;1;17;5;5;28;13;4;33
2;9;2;4;1;3;14;1;1;3;5;1;1;2;1;8;5;7;5;3;9;4;1;1;35;9;3;36;14;2;1;1;5;4;1;1;4;1;1;1;5;9;40;1;3;1;8;2;2;3;92;6;1;1;1;1;8;15;8;1;1;11;5;5;28;3;4;33
2;10;2;4;1;1;3;1;1;3;7;1;1;8;1;7;5;2;9;1;1;36;9;2;36;12;3;1;1;3;4;1;1;4;1;1;3;1;12;49;2;7;3;1;8;2;2;102;6;1;1;2;1;7;15;5;1;4;5;1;5;33;1;1;33
2;13;1;4;1;1;1;1;7;3;1;1;1;9;1;7;4;2;9;1;1;36;2;36;11;3;2;1;1;4;1;4;1;1;2;1;12;60;2;7;4;1;8;2;2;107;6;1;1;2;1;8;6;5;4;9;5;2;5;26;1;1;33
2;13;4;2;1;1;7;30;3;1;1;1;9;7;3;2;2;8;1;1;34;3;36;11;4;5;1;4;4;1;2;1;12;63;2;7;1;1;1;7;2;7;2;107;1;1;1;7;5;1;14;9;1;2;5;27;1;6
2;13;1;4;1;1;3;1;24;3;3;1;1;1;6;3;7;3;3;2;8;1;1;27;6;30;3;2;2;5;2;1;4;4;1;2;1;14;63;11;7;1;1;5;8;7;2;108;1;1;1;4;5;2;30;4;1;2;5;27;1;6
2;13;1;4;1;1;3;1;17;3;3;1;1;1;6;3;3;7;1;3;2;2;1;6;1;16;6;13;11;2;2;5;2;6;4;1;2;1;2;14;63;11;7;1;3;5;10;7;2;98;1;1;1;1;4;5;3;41;3;1;5;35;1;6;6
2;13;1;4;1;1;3;1;2;3;3;1;6;1;5;3;3;1;7;2;3;2;7;1;3;3;4;7;11;10;2;1;2;6;4;1;6;1;2;1;2;12;53;2;7;11;5;5;7;2;91;1;1;1;3;5;3;50;1;38;1;6;6
2;13;1;1;2;4;1;4;1;1;3;3;1;3;1;3;6;1;7;2;3;2;8;1;2;4;8;14;1;1;7;4;19;2;7;2;9;1;2;12;5;1;7;4;2;4;82;1;39;1;1;5;3;50;1;25;1;6;6
1;7;1;1;2;4;1;2;1;6;3;3;1;3;1;3;9;1;7;2;3;2;8;1;5;1;19;4;1;7;20;2;7;8;26;3;14;5;1;7;8;9;73;3;1;1;3;55;1;9;34;3;1;6
2;7;1;2;2;4;1;6;2;1;6;3;3;1;3;1;3;9;4;9;3;3;2;8;1;5;1;22;4;1;8;1;20;2;7;6;23;5;18;8;1;7;8;9;59;3;1;1;3;3;59;9;47;3;1;6
2;4;1;3;3;4;1;8;2;1;6;3;3;1;3;1;3;9;4;2;4;3;2;1;3;8;1;5;1;22;4;1;8;1;20;2;3;5;23;6;18;8;1;7;8;9;45;3;1;1;1;4;3;62;9;59;3;1;6
2;3;1;3;3;4;4;8;2;1;4;1;3;1;7;1;3;10;4;2;6;1;3;8;4;1;1;23;4;1;8;1;1;1;20;2;2;14;6;18;7;7;8;9;39;4;4;1;3;1;8;3;65;7;9;63;3;1;6
2;3;3;4;6;8;2;3;1;1;1;7;3;12;4;2;5;1;3;8;35;1;1;4;3;1;9;1;1;1;20;2;2;3;6;22;7;7;8;9;40;4;1;3;4;1;8;3;66;7;9;68;3;1;6
2;3;4;2;6;8;2;3;1;2;1;7;3;12;4;2;5;1;1;8;7;1;6;35;3;1;9;1;1;1;20;5;2;1;5;19;10;3;8;10;9;37;4;1;4;10;3;57;7;9;67;3;6
2;4;6;2;8;3;1;4;1;1;7;12;4;2;6;1;1;3;8;1;34;8;5;1;8;9;1;1;1;20;1;5;17;1;5;18;6;68;3;9;36;4;2;4;10;1;42;9;9;13;3;6
2;4;6;2;8;7;1;4;2;7;7;20;4;2;8;1;1;3;2;1;26;9;5;1;8;9;1;1;1;9;5;5;17;1;5;16;6;57;3;9;34;4;2;3;10;31;9;10;12;3
2;4;6;3;5;5;7;1;4;2;7;4;14;3;2;7;2;1;1;3;8;1;41;7;5;1;8;9;1;1;1;9;10;5;17;1;5;15;10;3;9;30;4;2;3;10;25;10;10;53;3;2
1;3;13;3;5;5;7;1;4;2;7;4;1;3;2;7;4;1;1;4;8;1;38;7;5;4;9;1;1;1;7;12;5;17;1;5;14;10;3;5;28;4;2;3;10;25;11;9;53;3;3
1;3;13;4;5;5;7;1;4;4;7;4;4;3;2;7;4;1;5;8;1;33;1;6;4;9;1;1;1;14;5;17;1;5;12;10;3;1;22;4;2;1;10;20;1;11;42;3
1;3;11;5;5;7;1;4;6;7;4;4;6;4;1;5;2;1;30;1;4;4;8;1;1;14;5;17;1;5;8;5;3;1;19;4;2;1;7;16;1;12;3;7;29;3
1;2;10;5;7;1;4;6;7;4;4;5;4;1;5;5;1;1;4;1;3;30;8;1;1;14;5;17;5;8;5;17;18;2;4;5;2;1;2;6;13;1;12;5;7;3
1;2;10;4;7;1;4;6;7;1;3;3;4;7;1;5;5;5;4;2;3;29;3;8;2;1;14;3;17;5;5;7;8;13;2;5;2;2;2;9;1;1;5;2;3
1;2;10;4;7;4;11;7;1;1;3;4;12;1;5;5;5;4;2;3;17;4;7;2;5;14;3;17;4;6;2;7;1;5;2;2;2;5;1;1;5;2;3
1;2;10;4;7;2;18;7;1;1;3;4;12;1;5;5;1;5;15;4;3;5;4;7;2;14;7;1;3;2;12;7;1;5;2;2;4;1;5;1;3
1;1;8;3;6;21;6;1;1;2;4;12;1;2;5;1;15;6;1;5;4;6;2;13;1;16;3;1;5;2;3;3;5;2;3
1;1;1;8;3;5;1;20;1;1;4;12;1;2;5;1;15;9;5;4;2;9;1;1;16;3;1;2;3;3;5;2;3
2;1;1;8;2;5;1;20;1;1;2;12;1;2;1;1;22;5;4;2;4;1;1;16;2;1;2;2;5;2;1
2;1;1;29;5;1;20;1;1;12;5;1;1;1;1;1;2;5;4;2;2;1;2;16;1;1;2;1;2;5
2;1;1;29;5;1;22;1;2;12;5;1;2;1;1;5;4;2;1;4;16;1;1;2;1;2;5
2;1;29;5;1;20;1;2;12;5;1;1;1;5;4;2;1;4;16;1;1;2;2;2;2
2;2;2;12;1;29;5;1;1;1;2;1;4;20;16;5;4;2;2;1;1
2;2;5;2;28;5;10;1;1;2;1;1;23;16;4;1;3;2;1;1
2;2;1;2;32;5;10;1;1;2;1;1;16;18;3;2;1
2;5;2;1;5;30;1;1;1;1;2;10;1;4;11;4;2
6;5;2;1;5;28;1;1;4;1;2;10;1;1;9;2
18;5;2;4;1;5;25;1;1;1;2;10;1;4;20;2
27;5;2;11;1;5;12;1;1;1;1;2;10;1;1;4;29;2
1;27;5;1;11;1;1;5;1;1;1;1;2;1;9;1;1;4;38;1
7;27;5;1;1;1;1;4;1;1;1;2;11;7;1;1;4;44;1;5
27;1;1;7;49;5;5;1;1;2;1;2;1;4;4;1;1;1;1;7;1;1;1;1;11;1
27;1;1;7;57;4;5;5;1;2;2;12;4;3;1;2;1;1;1;7;1;1;2;1;1;11;1
27;1;4;56;6;5;5;1;2;2;14;7;2;1;3;1;1;1;1;1;3;1;1;11;1
27;1;7;57;6;5;5;1;2;2;14;4;1;3;1;1;1;2;1;3;1;11;1
27;5;1;1;1;7;1;3;2;14;1;2;11;2;1;1;6;58;3;1;6
23;5;1;1;1;7;1;3;2;14;1;2;11;2;1;1;6;58;3;1;6
12;1;5;1;1;1;7;1;3;2;1;2;8;14;1;1;6;50;3;1;6
4;7;42;6;5;2;5;1;2;3;2;14;7;12;3;1;1;1;1;1;3;1;2;1
4;6;33;6;14;2;5;1;2;3;14;7;20;3;1;1;1;1;3;2;2;1
15;4;1;9;32;2;2;3;1;1;2;3;2;14;1;1;7;23;3;2
15;4;1;8;2;1;3;1;6;2;13;1;32;3;18;3;2
15;4;1;4;2;1;3;1;6;2;2;1;36;1;10;1;2
15;4;1;4;2;1;3;2;1;1;38;6;8
15;2;1;4;4;1;3;2;1;38;4;7
15;2;1;4;4;1;3;2;1;39;1;6
15;2;1;4;4;1;3;2;1;39;1;4
15;2;1;4;1;3;2;1;5;3;1;1;1;1;39;1
10;1;4;1;3;1;7;5;3;3;32;1
1;1;4;1;3;7;5;3;5;11;31;8;1
8;3;2;7;5;3;3;1;1;5;11;24;1;1
1;8;3;2;7;5;3;3;1;5;5;6;5;11;33;1;1
3;8;3;2;7;5;3;3;3;5;1;5;11;5;11;37;1;1;1
3;8;3;2;7;5;3;3;3;5;1;5;11;5;11;38;1;1;1
3;8;3;2;7;5;3;3;3;5;1;5;11;5;11;43;1;1;1
1;3;8;3;2;7;5;3;3;3;5;1;5;11;5;11;51;1;1;1
1;3;8;3;2;7;5;3;3;3;5;1;5;11;5;11;52;1;1;1
1;3;8;1;3;7;3;3;5;1;5;11;5;11;62;1;4;7
1;3;8;1;3;3;7;5;1;5;11;2;11;59;1;9
1;3;3;1;3;7;5;1;5;11;52;1;9
1;3;2;7;4;1;5;11;47;9
1;2;2;7;1;5;38;9
1;34;7;8
1;31;7;8
1;26;7;8
17;7;8
16;7;8
6;3;2
4
4
4
4
None
None
None
None
None
1
1
1
1
1
1
1
1
1
1
None
None
None
None
None
3
11
1;16
9;1;16
15;1;17
1;15;1;23
1;16;1;23
1;17;1;23
1;17;1;23
1;17;1;23
1;17;1;20
1;18;1;12
1;27;7
1;19;7
1;17;6
17
16
15
15
15
15
14
5
4
None
None
1
3
14;3;2;3;1
3;2;2;3;1;2;31;3;9
3;2;2;2;6;2;2;3;1;2;2;45;3;9
3;4;2;2;2;6;5;2;2;2;3;1;2;3;4;53;3;9
3;4;4;2;2;6;5;2;2;2;3;1;2;3;4;56;1;3;9
1;3;4;4;2;2;6;5;2;2;2;3;1;2;3;4;57;1;3;9
1;3;4;4;2;2;6;5;2;2;2;3;1;2;3;4;57;1;3;9
1;3;4;4;2;2;6;5;2;2;2;3;1;2;3;4;57;1;3;9
1;3;4;4;2;2;6;5;3;2;2;2;3;1;2;3;4;56;1;3;9
1;3;4;4;2;2;6;5;3;2;2;2;3;1;2;3;4;56;1;3;9
1;3;4;4;2;2;6;5;3;2;1;3;1;9;4;45;1;2
1;4;4;2;6;5;3;2;3;1;4;34;1;2
1;2;4;1;5;3;1;3;5;2;38;1;2
1;2;1;3;10;1;48;5
1;2;3;1;2;1;3;11;1;1;8;1;1;63;3;5
2;3;4;1;1;12;2;4;3;2;1;5;1;14;2;1;80;12;5
3;1;2;4;1;1;3;3;2;1;5;4;1;2;12;1;1;7;98;1;4;1;14;14;1
8;1;8;5;2;3;3;3;2;5;5;5;1;2;12;6;1;7;103;1;5;1;14;14;1
8;1;9;5;2;3;4;5;7;1;2;2;8;5;5;1;6;12;7;1;1;12;10;103;1;5;1;14;1;14;1
11;1;15;5;2;3;4;20;10;3;2;2;8;5;5;1;8;12;8;2;5;29;11;101;1;7;5;1;16;3;14;3;1
11;1;3;32;3;5;2;3;4;38;10;1;18;2;2;8;5;5;1;8;12;8;2;5;32;13;101;1;25;1;5;1;18;3;14;17;1;2
11;1;10;43;3;5;2;3;4;49;10;1;1;31;2;2;8;4;5;1;8;12;8;2;5;34;13;95;1;39;2;5;1;18;3;14;31;1;2
11;1;11;57;4;5;2;3;2;4;51;10;1;1;32;2;2;8;5;8;12;1;8;2;1;5;36;13;77;1;40;4;5;13;1;17;3;14;42;1;2
11;1;11;75;15;5;2;3;15;4;53;10;1;1;32;2;2;8;5;8;12;6;8;2;1;5;37;13;59;1;40;4;5;27;1;8;3;14;50;1;2
10;1;11;80;15;3;1;3;16;2;54;10;1;1;32;2;2;8;6;8;9;1;7;8;1;1;5;51;13;41;1;41;4;2;27;4;7;3;6;57;1;2
16;1;10;1;11;84;15;1;9;1;3;1;1;16;1;54;10;1;32;2;2;3;1;4;51;1;7;15;2;1;1;23;6;1;41;4;5;4;27;59;2;6;8;3;1;8
28;1;1;11;1;91;15;1;7;1;2;1;1;16;1;54;10;1;32;2;4;7;5;4;10;1;7;19;2;5;2;1;1;1;67;3;6;2;41;19;5;1;4;27;59;1;4;3;3;3;5
35;2;1;11;91;15;1;10;10;1;16;1;60;10;1;32;2;6;3;1;5;12;1;2;7;24;2;2;1;1;1;6;80;11;2;5;6;41;19;6;1;4;27;59;1;4;3;3;3;6
38;10;1;11;90;16;1;13;1;14;1;16;55;3;1;31;6;1;8;77;1;6;7;27;2;2;1;13;4;1;3;10;19;2;5;6;41;19;7;1;4;27;59;1;1;6;2;3;3;6
11;10;4;39;92;16;1;14;1;14;1;1;16;40;1;29;1;5;1;17;16;1;7;7;28;1;2;2;1;13;1;2;69;19;2;5;6;34;19;3;1;4;27;56;1;2;1;4;6;3;3;6
8;10;4;43;88;13;1;15;1;14;1;1;16;22;2;14;1;6;1;25;22;1;7;28;1;2;2;1;4;13;1;6;68;19;2;5;6;16;18;3;1;4;27;42;1;2;1;7;14;3;1;6
1;10;3;45;78;13;1;18;1;14;1;1;16;11;2;1;1;12;1;29;33;1;7;28;1;2;2;17;12;13;1;6;71;19;2;5;6;2;1;3;1;4;27;3;1;2;1;7;14;28;1;6
56;10;3;64;12;1;31;1;14;1;1;14;9;2;2;1;14;5;40;48;1;6;34;1;2;2;12;13;1;6;84;19;2;1;6;1;1;15;3;1;4;14;3;1;2;1;7;14;17;1;6
71;10;3;47;1;1;47;1;14;1;1;1;7;4;2;1;1;14;5;57;66;1;1;45;1;2;2;12;13;1;6;97;19;2;1;6;1;15;3;1;4;1;9;1;2;1;7;14;3;1;6
78;10;3;43;1;1;48;1;14;1;1;6;6;4;2;3;1;1;17;5;58;83;1;18;9;45;1;3;2;4;2;13;1;6;83;19;2;1;6;2;15;3;1;4;1;2;1;2;2;1;7;14;1;6
73;9;1;3;2;41;1;45;1;14;1;6;1;6;6;4;2;3;1;4;1;22;64;86;2;1;23;11;40;1;6;2;4;2;13;1;6;89;19;2;2;5;2;15;3;1;1;2;1;1;3;2;1;1;7;14;1;6
60;9;1;3;2;5;36;1;45;1;13;1;6;1;2;6;6;4;1;2;3;1;6;1;23;1;64;86;5;2;1;23;11;35;8;4;3;4;2;13;6;78;16;2;3;4;2;3;1;5;1;1;1;2;1;1;7;10;14;4;1;13
6;48;8;1;3;2;5;30;8;1;1;2;42;3;1;4;1;2;6;1;2;11;1;1;4;1;10;3;3;1;1;7;1;23;6;62;1;87;7;2;1;23;12;25;1;11;4;3;4;2;13;6;74;8;3;4;1;2;5;1;5;1;5;1;1;1;2;1;1;5;8;26;3;1;5;31
6;45;1;7;3;2;5;39;17;4;2;39;3;1;1;1;2;6;1;11;1;1;4;1;1;3;3;1;1;10;1;5;6;59;1;74;2;1;23;1;13;21;1;1;11;1;4;3;2;4;4;30;8;85;2;1;21;4;8;2;2;1;5;1;5;5;1;2;1;2;1;1;1;23;17;3;4;1;7;40
6;41;1;1;1;2;1;48;17;4;2;38;3;1;1;1;2;6;5;11;1;1;4;4;1;1;3;3;1;1;18;2;5;6;50;1;72;2;1;23;1;13;19;1;1;9;1;4;11;3;6;4;9;78;2;1;25;4;1;2;2;1;1;5;1;5;5;1;2;1;19;35;1;1;8;31;3;23;1;7;40
6;37;1;1;1;2;1;48;4;2;37;3;1;1;1;2;6;35;11;1;5;4;1;1;3;3;1;1;18;2;7;6;1;42;1;72;2;1;19;1;13;19;1;1;11;1;4;11;3;6;13;17;9;85;3;2;1;31;4;1;2;20;4;1;5;1;5;5;1;2;1;25;1;1;1;17;48;3;4;1;7;41
1;5;5;64;34;2;4;1;61;11;2;2;1;5;3;11;1;6;4;25;4;2;35;2;1;1;1;11;2;20;18;6;1;1;6;1;4;42;1;1;5;11;16;3;2;3;3;2;6;14;1;13;1;4;17;1;5;4;5;22;7;3;1;1;11;35;1;1;1;4;1;1;1;13;38;85;1;1;1;3;1;1;31;66;2;6;1
1;5;5;79;21;2;11;1;46;11;2;2;6;5;3;15;1;6;4;4;25;4;2;35;2;1;1;1;11;2;14;18;6;1;3;6;1;4;47;1;1;5;11;21;5;2;1;3;2;6;14;1;13;1;4;17;1;23;4;5;22;7;3;1;1;9;24;1;1;4;1;1;1;1;12;27;80;1;1;1;3;3;2;31;83;2;7;1
1;5;5;84;5;2;17;1;37;11;4;2;2;1;5;3;16;1;6;4;10;25;4;2;1;35;2;1;1;7;11;2;4;18;6;1;3;6;1;4;47;1;1;5;11;22;11;2;1;3;2;6;14;1;13;1;4;17;1;34;4;5;22;7;3;1;1;9;10;1;1;4;1;1;1;1;11;1;15;77;1;1;1;3;12;2;31;2;100;2;11;1
1;5;4;5;84;4;1;4;19;1;19;1;8;4;2;2;2;1;5;5;3;16;2;1;1;1;1;1;8;4;10;25;3;2;1;35;1;1;3;1;8;5;2;8;18;6;1;1;11;1;4;47;2;5;5;5;26;17;2;1;6;1;2;9;14;1;4;1;4;17;1;1;49;6;5;22;7;5;1;1;6;3;1;1;1;1;1;11;1;12;83;2;1;1;1;1;12;2;31;8;107;2;12;2;1
1;5;4;5;81;1;1;1;6;10;19;1;17;1;1;5;6;3;2;2;1;6;4;1;16;2;1;1;1;1;2;2;4;10;1;25;5;4;1;35;1;1;3;18;8;6;1;1;6;2;1;11;1;4;48;2;7;6;5;26;17;2;11;2;2;12;14;1;2;1;12;17;1;1;63;7;5;22;7;7;1;1;2;1;1;1;1;8;1;1;11;1;5;83;2;3;1;12;3;31;14;107;13;1;2;2;1
1;5;4;5;81;1;1;11;8;14;19;1;18;1;1;3;6;5;2;2;1;6;2;1;16;1;1;1;1;1;7;2;10;1;25;4;4;1;21;2;3;12;8;6;1;1;1;1;3;6;3;1;11;1;4;36;2;2;1;5;26;17;1;16;2;2;11;14;1;2;1;30;17;1;1;72;7;5;22;2;10;1;2;1;1;10;1;1;25;1;1;4;1;11;1;6;80;2;3;1;12;3;31;30;107;13;1;2;2;1;1
4;4;5;81;2;1;1;11;8;21;19;1;16;1;84;3;6;10;2;2;1;1;5;1;1;4;11;2;1;1;1;7;2;10;1;25;2;2;1;9;2;3;1;8;1;6;11;25;2;2;1;2;3;6;3;1;5;1;1;20;2;2;1;27;17;1;2;4;2;2;6;14;1;1;34;9;1;1;3;7;22;2;11;1;1;1;1;10;1;2;1;36;1;1;4;10;1;7;76;2;13;3;28;44;107;9;1;2;2;1
4;4;72;2;3;1;1;11;8;1;21;23;3;2;24;1;84;6;6;12;2;1;1;5;2;1;5;11;2;4;1;1;7;2;10;1;18;2;2;1;5;2;3;1;3;8;5;1;6;4;8;7;3;1;1;2;3;2;3;1;1;5;1;11;2;2;1;1;27;17;3;1;2;40;2;2;6;14;2;10;4;34;1;1;1;3;7;22;4;11;1;1;2;1;4;1;1;44;1;2;4;10;1;7;71;2;13;3;10;45;90;9;1;2;1;1;2
4;4;55;2;3;1;1;11;8;1;21;23;10;4;23;1;84;6;3;1;6;12;2;7;1;5;2;1;5;10;2;4;1;1;7;2;10;1;6;2;2;1;2;2;3;1;1;3;8;10;1;6;4;10;3;2;1;1;2;7;3;1;1;5;2;1;11;2;2;1;1;18;17;3;1;2;55;2;6;14;2;10;4;34;5;1;3;1;20;4;11;1;2;1;4;1;1;50;1;2;4;10;1;7;66;2;1;12;1;3;6;45;76;9;1;2;1;1;14
4;4;50;2;3;1;1;11;8;1;21;23;11;12;23;1;4;83;6;5;3;1;6;14;2;4;1;5;3;1;5;10;2;4;1;1;7;1;10;1;2;2;1;2;2;4;1;3;3;8;10;2;5;6;4;10;4;2;1;1;2;7;3;12;1;1;5;1;2;1;10;6;1;2;1;1;16;17;8;1;1;2;1;55;2;6;2;2;10;4;3;34;5;1;5;1;2;4;11;1;2;1;1;4;1;1;51;1;1;2;4;8;1;9;59;3;2;1;12;1;3;45;59;9;1;2;1;1;19
4;1;49;2;3;1;1;11;8;1;21;19;11;19;23;1;6;79;6;7;3;1;6;14;1;1;5;3;1;5;8;2;4;1;1;7;2;10;4;2;2;1;2;2;4;1;3;3;8;10;2;6;5;4;11;4;2;1;1;1;2;7;3;21;1;1;5;1;3;1;9;9;1;2;1;1;11;14;11;1;1;2;1;64;2;6;2;10;4;3;34;5;1;6;3;4;11;1;2;1;1;4;1;1;54;1;2;4;2;1;9;55;4;2;1;12;1;2;45;41;7;1;2;1;1;1;22
4;1;43;2;3;1;1;11;8;1;21;14;15;29;23;1;6;61;6;7;3;1;6;16;1;2;1;5;3;1;5;4;2;4;1;1;7;2;6;4;2;2;1;2;2;4;1;3;3;2;10;2;6;7;4;11;4;2;1;1;1;2;7;3;28;1;1;5;1;1;7;1;5;4;9;1;2;1;1;6;12;11;1;1;2;1;75;2;9;2;11;4;3;34;3;5;1;18;3;4;11;1;2;2;1;1;4;1;1;60;2;2;4;1;1;10;45;4;2;1;10;1;1;2;45;24;6;1;2;1;1;3;24
4;1;43;2;3;1;1;11;8;1;21;12;21;32;15;1;6;51;6;7;3;1;4;16;3;2;3;1;1;3;1;5;3;2;4;1;1;7;2;4;2;2;2;2;3;4;2;1;3;3;5;10;2;7;8;4;11;5;2;1;1;1;2;7;3;36;1;2;6;16;1;1;16;1;6;4;9;2;2;1;1;5;6;11;1;1;1;2;1;93;2;16;3;11;4;3;34;3;5;1;32;3;4;11;2;1;3;2;1;1;1;1;4;9;1;73;2;4;5;2;9;34;4;2;1;1;1;1;1;2;43;7;2;1;2;1;3;3;24
1;21;2;3;1;11;8;1;1;19;11;42;5;15;1;1;6;5;7;3;1;4;14;3;2;2;1;2;3;1;5;3;2;1;1;4;2;2;14;2;2;3;1;2;1;3;3;1;2;7;4;4;12;5;3;1;1;1;10;46;7;1;3;45;1;3;6;27;1;1;23;2;6;4;8;2;1;3;1;1;1;11;5;1;1;2;1;107;1;20;2;1;11;4;3;34;15;3;36;36;3;4;9;2;1;3;2;2;1;1;1;4;9;1;76;2;4;5;2;11;33;4;1;1;1;1;1;1;2;37;1;1;1;3;1;3;24
1;21;2;3;1;10;1;2;1;1;1;13;16;41;6;11;1;6;22;6;7;3;1;2;13;3;11;2;2;1;4;5;3;2;1;1;3;2;28;2;4;3;1;2;1;3;3;3;7;4;4;14;5;3;1;1;10;7;1;1;45;1;6;6;40;1;1;24;2;5;4;8;1;2;1;1;1;1;1;11;5;1;1;2;1;115;17;2;3;11;4;3;22;17;3;36;54;3;7;7;2;1;3;2;6;1;1;5;9;2;1;73;1;2;4;1;5;2;24;39;1;1;2;1;1;1;2;31;3;9;24
1;21;2;3;1;13;1;1;3;1;9;17;39;6;10;1;6;13;6;7;3;1;3;11;3;13;2;2;1;4;1;2;5;3;2;2;7;2;5;1;3;2;28;2;4;3;1;4;1;3;10;3;3;7;5;4;13;6;4;3;1;3;1;11;4;1;1;45;1;12;1;6;6;48;3;1;26;2;4;4;8;3;3;1;3;1;1;1;1;4;11;5;1;2;1;119;2;4;19;2;6;1;4;3;4;20;3;36;1;62;3;8;4;2;1;3;2;1;6;1;1;1;5;10;2;2;1;56;3;1;1;5;2;26;54;1;1;2;1;1;1;2;1;15;1;2;10;24
1;10;21;2;1;1;22;1;1;1;3;1;17;39;6;10;1;6;1;4;7;3;1;3;6;3;13;2;3;1;3;1;2;1;2;2;8;2;5;13;1;1;1;3;2;28;2;4;3;2;1;4;1;2;19;3;2;7;5;4;12;6;3;3;1;1;5;1;11;1;4;1;3;1;1;12;1;6;6;55;3;1;26;2;2;4;8;3;3;1;4;1;1;1;1;4;11;5;1;45;1;110;2;4;19;2;6;1;4;3;20;8;36;1;62;2;6;2;1;3;1;1;6;2;1;1;5;11;2;2;45;3;1;1;5;2;3;25;66;1;2;1;2;1;1;2;1;1;1;2;10;10;24
1;11;43;2;38;1;5;3;3;1;13;18;34;5;1;6;1;7;3;1;3;4;3;76;3;12;1;2;1;2;2;2;9;4;5;13;1;1;1;1;3;63;2;2;4;5;2;1;9;1;2;19;2;7;6;28;7;6;2;1;1;5;1;6;1;4;1;8;1;12;1;6;6;55;3;1;26;2;2;4;8;3;3;1;4;1;1;1;4;8;5;1;45;1;95;2;4;19;1;6;10;1;2;4;20;10;5;1;1;2;2;4;4;1;3;1;6;1;1;1;1;1;11;2;2;37;3;1;5;2;3;33;13;1;2;2;2;1;1;1;2;1;3;2;1;2;16;10;22
1;1;11;44;2;38;1;5;3;3;2;13;11;32;5;1;6;1;7;3;4;5;13;4;15;1;2;1;2;2;1;9;4;5;13;1;1;2;1;3;65;2;4;5;2;1;12;1;2;19;2;7;6;28;7;6;8;1;5;5;1;1;1;1;8;1;4;12;1;6;6;55;3;2;1;24;2;1;4;7;3;3;1;4;1;1;2;1;4;8;1;1;45;1;80;2;4;19;1;2;1;10;1;4;6;20;12;1;1;1;2;2;4;5;1;1;4;1;6;1;1;1;1;1;11;2;2;31;3;2;1;4;5;2;3;33;81;1;2;2;2;6;1;2;1;3;2;1;1;2;2;16;2;10;10
1;1;12;36;1;2;38;3;1;5;3;3;2;13;10;24;9;4;1;2;1;1;5;3;2;6;13;5;3;15;1;1;1;2;2;1;1;9;3;6;5;13;1;1;2;1;3;1;1;9;2;5;2;12;1;19;1;2;6;28;10;6;7;1;1;5;1;1;1;1;8;1;8;12;1;6;3;55;2;2;1;24;2;1;4;3;3;2;1;4;1;1;6;8;5;3;5;33;81;2;4;19;1;2;1;1;10;1;4;1;3;20;12;1;1;63;5;2;4;5;1;4;1;6;1;1;1;1;1;11;2;7;2;30;5;1;2;1;4;5;2;3;31;73;2;2;2;2;6;1;2;1;3;2;1;1;2;2;16;2;10;5
1;1;12;25;1;3;38;14;1;5;3;3;2;13;10;18;20;12;1;1;12;3;2;6;13;6;3;15;1;1;1;2;2;1;1;9;3;6;5;13;1;1;2;1;62;1;13;2;5;2;12;1;19;1;1;8;28;9;6;7;1;1;5;1;1;1;8;1;8;12;1;6;3;57;2;2;1;23;2;1;4;3;2;1;4;1;1;6;11;5;5;24;73;2;4;19;1;2;1;1;10;1;4;1;3;20;1;12;2;1;1;5;2;4;5;1;1;6;1;6;1;1;1;1;1;11;2;6;13;2;27;6;1;3;1;4;5;2;3;32;72;1;2;2;2;6;1;2;1;3;2;1;1;10;1;2;4;16;2;9;2
1;1;1;12;6;1;3;38;14;1;5;3;3;2;11;16;8;20;15;1;1;3;2;12;3;5;13;6;3;15;1;1;1;2;2;1;1;12;4;7;5;13;1;1;2;1;1;1;13;2;5;2;1;12;1;19;1;1;1;6;28;1;9;6;7;1;1;5;1;1;1;8;1;8;12;1;6;3;74;2;2;1;19;2;1;3;2;6;2;4;1;1;6;11;6;5;17;64;10;4;23;1;1;1;10;1;4;1;3;3;20;1;9;2;16;50;1;4;5;6;1;6;2;1;1;1;1;12;2;6;13;2;21;2;5;1;3;1;4;5;2;3;32;78;1;2;2;2;6;1;1;3;2;1;1;10;1;2;4;5;1;7
1;1;1;12;10;1;3;2;1;38;14;1;5;3;3;2;7;5;19;15;2;3;4;12;1;3;81;5;15;1;1;1;2;2;1;3;12;4;7;5;13;1;1;2;1;1;1;13;2;3;2;1;11;1;19;1;1;4;28;1;15;6;6;1;1;5;1;1;1;8;1;1;14;12;1;4;3;74;2;2;1;10;2;3;1;6;6;4;1;1;6;11;6;4;9;52;11;4;18;1;1;10;1;3;1;3;4;20;1;9;2;16;1;36;3;4;3;4;1;6;2;3;1;1;11;2;6;13;2;8;2;1;1;4;1;4;1;3;32;13;1;2;5;2;6;1;1;3;2;1;2;1;10;1;4;5;7
1;1;1;13;10;3;3;4;2;38;14;1;5;3;2;2;6;3;19;15;1;3;4;12;1;3;11;5;13;1;1;1;2;2;3;3;12;4;7;5;13;1;1;2;1;1;1;13;2;3;1;11;1;19;1;1;4;14;1;21;6;6;1;5;1;1;8;1;2;12;1;3;3;66;2;2;1;3;2;3;1;6;6;4;1;7;11;6;23;7;36;11;4;11;1;1;10;1;3;1;3;4;5;1;9;2;16;1;21;4;4;3;4;1;5;2;3;1;1;11;2;6;13;2;5;2;1;1;8;1;4;1;3;30;83;1;2;5;3;2;5;1;1;3;2;1;2;1;10;1;4;5;7
1;1;1;14;10;3;3;4;2;38;14;5;2;2;2;1;2;19;15;1;3;3;12;1;1;5;85;6;13;3;2;2;1;3;12;5;7;5;13;1;2;1;2;3;13;2;3;13;1;19;1;4;1;23;6;6;7;1;5;1;1;8;1;2;12;1;2;58;2;2;1;2;25;2;1;6;5;4;1;1;7;11;5;1;25;7;2;11;4;13;1;1;10;1;3;1;3;4;3;1;9;10;16;1;11;4;1;1;3;1;4;1;3;2;1;11;2;6;13;1;1;15;2;4;1;3;17;2;1;2;5;3;1;3;1;1;3;2;1;2;6;1;5;5;1
1;1;1;14;12;3;5;5;4;25;14;5;5;2;2;7;21;15;1;3;3;12;1;5;6;15;1;4;3;3;3;11;5;6;13;13;1;2;1;1;2;3;13;2;3;11;1;2;9;1;3;2;23;6;1;2;1;8;3;3;58;1;2;5;6;8;1;1;1;7;10;2;1;25;7;24;10;12;1;1;10;1;2;1;5;4;1;9;2;16;1;4;4;1;1;3;1;5;3;3;10;6;1;1;1;1;16;2;4;1;3;15;84;1;1;5;3;3;4;1;3;2;2;6;10;1;5
1;1;5;12;6;4;5;4;16;14;4;23;2;2;7;20;16;1;3;3;12;3;7;6;14;1;4;10;8;4;15;6;6;13;1;1;11;2;3;14;1;3;11;1;1;3;2;23;6;5;3;5;51;1;2;8;11;9;1;1;7;10;2;2;25;7;24;6;13;1;1;10;1;2;1;6;4;1;4;3;6;1;4;4;1;5;3;1;5;1;4;2;8;6;2;1;1;1;16;2;4;1;15;82;1;5;3;12;1;3;2;3;6;10;1;5
1;1;4;13;6;3;5;4;13;14;1;2;31;1;8;17;16;1;3;3;12;7;7;5;6;1;5;10;11;4;22;6;4;2;1;11;3;4;2;2;14;1;1;6;3;10;3;1;2;23;6;3;5;51;2;2;8;11;9;1;1;1;7;3;1;2;2;25;7;24;6;13;1;1;2;1;8;4;2;2;4;1;1;3;4;1;5;2;1;6;1;4;4;9;6;2;2;1;1;16;2;4;1;7;85;1;4;9;1;2;14;3;6;10;1;3
1;5;20;6;4;8;4;13;14;1;2;31;8;19;16;1;3;3;12;9;5;4;3;1;4;10;11;4;22;12;4;2;11;3;4;1;2;14;2;1;2;7;3;1;4;1;2;20;1;3;3;1;51;2;6;2;6;9;4;1;1;6;3;10;2;2;21;7;24;11;3;13;1;2;1;7;4;2;4;1;1;1;4;1;5;1;1;12;1;6;3;9;1;6;2;2;5;1;14;2;1;14;91;1;3;9;1;2;2;14;3;6;10;3
1;4;20;5;4;16;4;6;11;1;2;31;4;16;12;1;3;3;9;11;4;3;3;3;2;5;11;2;11;3;22;9;2;2;11;3;4;1;2;5;1;1;2;7;3;1;2;4;1;2;17;1;1;9;3;1;51;9;3;6;2;2;6;9;4;3;1;5;3;3;1;2;17;7;23;11;5;13;2;10;4;2;8;1;7;1;1;1;1;5;1;1;18;1;8;1;3;9;1;6;2;4;6;14;2;3;1;14;97;1;3;2;1;2;14;4;6;10;6
1;1;4;20;8;4;22;4;1;8;2;32;1;3;11;4;1;9;2;3;3;11;4;2;3;4;5;11;2;11;3;22;9;2;2;4;11;3;4;1;2;1;1;1;2;7;1;3;2;2;18;4;12;2;17;1;1;1;13;12;4;51;9;3;4;4;2;11;9;4;3;1;5;3;1;2;2;2;22;7;22;6;5;19;2;12;4;1;7;1;10;1;2;1;1;5;1;1;23;1;8;1;3;9;1;2;6;6;13;2;1;10;1;24;99;1;3;2;1;2;1;14;1;2;4;5;17
1;1;4;20;8;4;23;4;8;2;32;1;3;11;1;1;9;2;2;11;4;2;3;4;5;11;2;11;3;19;8;1;2;1;4;11;4;3;4;1;2;1;1;1;3;7;1;3;2;3;18;4;16;1;17;1;1;1;13;12;4;34;9;3;4;4;2;14;4;3;1;5;3;1;2;2;22;7;20;3;5;12;1;2;12;1;1;7;1;10;1;2;1;1;5;1;1;23;1;8;1;3;8;1;2;6;6;13;1;10;1;29;109;1;3;1;3;2;7;14;1;2;4;8;23
1;1;7;20;9;4;21;3;2;8;2;32;1;3;11;1;10;2;1;11;4;1;3;4;5;11;2;11;1;19;8;1;2;1;4;11;8;3;4;1;1;1;3;7;1;2;2;3;18;4;31;1;11;7;2;1;1;14;11;4;23;3;10;3;4;4;5;2;11;4;3;14;5;3;1;2;2;16;7;14;2;7;10;1;3;12;1;7;1;10;2;1;1;5;2;1;23;1;8;1;3;1;1;2;6;6;12;1;9;1;28;113;1;1;3;2;7;1;6;2;2;8;31
1;1;6;20;7;4;19;2;2;8;2;32;1;6;11;1;10;2;1;11;4;1;3;4;3;11;2;11;1;19;8;1;2;1;4;11;8;3;4;1;1;1;3;7;1;2;2;3;18;4;44;1;4;7;2;1;1;24;12;4;15;3;15;3;4;4;5;2;12;4;4;14;4;3;1;2;2;7;14;2;19;10;1;4;12;1;1;1;10;2;1;5;6;1;1;23;1;8;1;3;1;1;2;6;6;8;1;9;1;35;115;1;1;3;2;7;2;8;2;2;8;31
1;1;5;20;7;2;4;19;2;2;8;2;32;1;1;11;1;10;2;1;2;10;2;3;4;3;11;2;11;1;19;7;1;2;1;4;11;8;3;4;1;1;3;5;1;2;2;3;18;4;51;1;7;2;1;1;24;12;6;10;3;1;3;3;4;5;2;12;3;4;14;4;3;1;2;1;5;12;2;19;8;1;8;12;1;1;1;10;2;1;4;14;4;1;23;1;5;1;3;1;1;2;6;4;4;1;1;9;1;39;117;1;15;3;2;7;2;11;2;2;3;31
1;1;5;18;7;2;2;18;2;8;2;5;27;3;1;1;9;1;10;2;1;7;10;2;13;4;2;8;2;8;1;14;7;2;1;4;10;8;3;4;1;1;3;5;1;2;2;3;18;4;52;7;2;1;1;24;11;2;4;2;3;1;3;3;4;5;2;9;3;4;10;4;3;1;2;1;5;4;1;19;7;1;21;10;1;1;1;1;10;1;4;19;8;1;22;1;5;1;3;1;1;1;5;5;3;1;9;1;44;112;13;3;2;7;2;17;2;3;3;31
1;1;5;3;18;4;2;2;18;2;8;2;22;5;11;12;1;3;9;10;1;7;8;2;16;4;2;1;2;3;9;6;2;1;4;9;3;4;1;1;3;5;1;2;2;3;18;4;54;7;2;1;24;11;2;3;2;3;1;3;4;5;2;8;3;3;2;4;3;1;2;1;5;1;19;6;1;23;11;2;1;1;1;10;2;21;8;1;22;4;1;3;2;1;5;5;4;1;9;1;46;106;15;3;2;7;2;22;2;2;3;4;31
1;5;5;13;4;2;2;18;4;2;8;5;23;7;3;12;1;2;9;10;1;7;4;10;15;3;1;1;2;6;1;4;10;1;2;1;3;5;1;2;1;18;3;56;7;2;1;24;11;2;6;2;3;9;1;3;4;2;8;3;3;4;2;2;1;5;1;19;6;1;28;12;2;10;2;2;21;8;1;21;4;1;3;1;1;6;5;6;1;1;9;1;50;95;2;2;9;2;2;7;1;6;22;2;2;3;6;31
1;4;5;5;4;2;1;15;4;2;8;5;23;7;3;12;1;2;7;10;1;7;2;10;15;3;1;1;2;1;4;10;2;2;1;1;2;1;18;2;56;5;7;1;1;21;11;5;7;2;3;9;1;3;4;1;8;3;3;3;2;1;2;1;16;8;1;1;28;13;2;1;10;2;2;21;8;1;14;6;1;1;7;5;6;1;1;9;1;43;86;2;2;17;2;7;1;20;22;2;2;3;9;31
1;4;5;4;2;1;7;5;2;8;5;23;7;3;12;1;2;6;10;1;7;27;10;15;1;5;4;10;5;2;2;1;2;1;16;2;56;6;7;1;1;15;11;5;7;2;3;9;1;9;5;8;1;3;4;2;1;14;8;1;1;28;10;2;3;3;2;2;21;8;1;8;2;1;5;5;5;1;1;7;43;84;2;2;1;2;7;1;32;22;2;1;3;2;25
1;1;2;1;6;4;3;5;1;1;10;7;8;1;5;1;2;1;11;2;2;2;5;2;3;1;5;23;12;2;14;2;7;32;2;88;2;1;1;2;12;1;28;19;1;3;45;7;1;19;4;2;3;44;7;1;6;1;42;2;1;21;1;11;3;1;2;21;8;3;6;9;1;2;14;9
1;2;1;2;6;6;3;9;1;1;6;7;3;5;1;2;1;11;2;4;1;3;4;5;2;2;1;5;23;12;4;14;1;2;13;26;2;80;2;1;2;14;1;29;22;1;8;41;7;20;6;4;3;48;3;7;1;1;44;1;2;1;21;4;1;11;2;2;22;8;3;9;1;5;1;2;8;1;9
1;2;1;2;6;6;9;1;3;2;8;2;5;1;2;1;11;2;6;1;7;11;2;3;1;4;23;12;4;12;2;10;23;2;75;1;1;2;15;28;22;2;14;26;7;20;6;4;3;2;3;1;1;44;22;1;16;48;1;11;2;2;21;8;8;1;15;1;2;9
1;2;1;2;6;9;1;6;15;2;8;1;5;1;2;6;3;2;1;8;2;11;2;4;4;23;8;4;12;2;14;16;2;68;1;1;2;27;6;25;2;14;13;7;1;20;6;4;3;5;3;11;44;23;2;14;49;1;1;3;2;2;4;17;8;3;1;30;1;1;9
1;1;2;6;9;1;6;18;3;8;2;5;1;6;4;2;1;12;4;7;2;4;4;23;8;2;12;11;14;1;14;2;57;1;1;2;23;9;27;2;24;4;5;3;11;6;4;5;7;3;11;44;31;2;20;56;1;1;3;2;2;12;9;4;3;1;43;1;6;4;9
1;2;2;6;11;1;6;20;3;12;2;5;2;3;6;4;3;1;1;1;15;1;9;6;9;4;1;18;8;3;3;10;6;18;1;11;2;49;1;4;2;6;3;11;9;28;2;32;3;3;5;6;4;7;8;3;2;11;44;33;2;1;8;61;1;1;1;1;2;2;2;20;7;18;2;1;57;1;5;3;9
3;8;6;4;3;1;9;1;1;3;1;1;1;4;1;1;2;8;4;9;5;61;2;3;23;65;3;3;1;2;4;1;2;4;2;9;1;20;5;6;3;1;1;1;6;1;3;20;1;1;3;1;4;6;1;15;12;20;11;26;2;6;38;1;1;2;2;7;1;7;7;36;6;5;1;1;6;9;54;5;2;8;8;44;2;1;5
3;6;1;2;4;3;1;9;1;3;1;1;1;4;1;1;2;8;4;1;4;8;54;2;3;23;65;3;7;3;1;1;2;1;2;4;2;9;1;20;5;6;1;1;1;6;1;3;3;3;3;1;4;2;1;14;12;20;4;22;2;1;6;42;1;1;2;6;1;7;7;34;6;17;1;6;5;66;5;2;6;6;1;2;38;2;1;1;3
3;6;6;2;4;3;1;9;1;3;1;1;1;3;1;1;2;8;4;1;7;8;46;2;3;23;65;3;7;2;1;1;2;1;2;4;2;9;1;20;5;6;1;1;1;1;1;3;3;3;3;1;4;2;1;13;12;18;4;20;2;10;4;6;49;1;2;6;1;3;7;33;6;16;1;6;5;75;5;2;6;6;1;9;24;2;1;1
3;6;8;1;5;3;1;9;1;3;1;1;1;1;1;1;3;8;4;1;9;11;35;2;3;23;65;3;4;2;1;1;3;1;2;3;2;9;1;20;5;6;1;1;1;1;1;3;1;3;3;1;1;3;1;2;4;4;1;13;1;12;18;4;21;3;12;4;6;53;1;2;6;1;1;1;3;7;33;6;17;1;7;5;78;5;2;6;1;6;1;11;2;12;2;4;1;1
3;6;8;1;5;3;1;9;1;3;1;1;1;1;1;1;3;8;4;9;7;17;2;3;23;65;3;3;1;1;1;3;1;2;2;2;9;1;20;5;7;1;1;1;1;1;3;1;9;4;1;1;3;2;4;4;1;13;1;12;18;4;10;3;12;4;1;6;52;1;2;6;1;4;1;3;10;33;6;3;1;7;5;72;5;1;6;1;6;1;11;5;2;2;4;1;1
1;2;8;1;5;3;1;9;1;3;1;1;1;1;1;1;3;6;1;1;9;6;13;2;3;22;60;2;1;3;3;1;6;1;3;2;2;9;20;5;6;1;1;1;1;1;3;1;3;4;1;1;3;2;3;4;2;12;1;8;16;1;3;7;1;12;4;6;46;1;2;5;4;1;1;10;28;6;7;1;7;5;64;5;1;6;1;6;1;11;5;2;4;1;1
1;2;8;1;5;3;1;9;1;2;1;1;1;2;1;1;3;6;1;2;9;6;13;2;3;21;50;2;1;3;3;1;6;1;2;1;2;9;20;5;5;1;1;1;1;3;1;3;8;1;1;3;2;3;5;2;8;1;6;10;1;3;7;1;12;4;6;38;1;2;5;4;1;1;10;22;6;1;7;5;62;5;1;6;1;6;1;11;5;1;4;1;1
1;2;8;1;5;3;1;7;1;2;1;1;1;2;1;1;3;3;6;1;2;9;6;12;2;3;21;35;2;1;3;3;1;6;1;2;2;3;16;5;5;1;1;1;1;1;3;8;1;1;1;2;3;5;2;7;1;4;6;1;3;4;1;12;4;40;1;2;5;4;1;1;11;1;22;6;1;6;5;60;5;1;6;1;1;3;1;11;5;4;1;2
1;2;8;1;5;3;1;5;1;2;1;1;2;1;1;3;5;4;1;2;9;6;5;2;3;12;22;2;1;3;3;1;6;1;2;8;5;5;1;1;1;1;1;3;8;1;1;1;2;2;5;2;3;1;4;6;1;3;2;1;12;4;36;1;2;5;4;1;1;11;1;12;3;1;3;3;55;5;1;6;3;1;3;1;1;11;5;4;1
1;5;1;5;2;8;1;10;2;2;3;1;2;1;2;1;5;1;1;2;1;6;2;52;8;1;2;1;2;2;3;1;5;1;12;1;1;1;1;5;2;1;1;11;1;5;1;1;39;9;6;2;2;1;4;8;4;3;1;2;1;7;8;1;8;1;1;4;1;3
5;7;8;4;2;3;3;1;1;1;2;1;1;1;2;1;4;2;38;13;3;1;1;1;12;4;1;5;2;1;1;11;1;5;1;35;9;6;2;3;4;10;3;1;1;2;7;1;5;1;1;4;1
1;1;7;1;7;5;4;3;1;1;1;2;2;1;1;1;1;4;2;20;15;3;1;1;1;12;4;5;1;5;2;3;9;1;5;1;31;5;3;2;3;6;3;10;4;3;1;1;1;5;5;1;9;1;1;4;1
1;1;7;1;2;5;4;3;1;1;2;2;2;2;1;1;1;4;2;7;22;3;1;1;1;3;5;1;1;5;2;3;2;1;5;1;1;23;2;3;2;3;6;3;10;4;3;1;1;1;5;9;1;9;1;1;4;1
1;7;1;10;5;3;1;2;1;2;2;1;1;4;2;25;3;1;1;1;3;2;3;3;2;1;18;1;5;3;6;4;5;1;5;13;9;2;1;3
1;7;1;10;2;3;1;1;1;2;3;2;1;3;1;4;1;26;1;3;2;1;2;1;3;2;3;2;2;1;17;1;5;3;9;4;5;1;5;12;9;2;1
1;1;2;1;10;4;3;1;1;2;3;2;1;1;1;1;3;1;4;1;25;3;3;2;1;4;1;3;1;3;2;1;1;17;1;13;3;9;4;5;1;5;14;9
1;1;3;1;10;4;3;1;2;3;2;1;1;1;1;1;3;1;4;25;3;3;2;1;17;1;3;1;3;10;2;1;16;1;24;3;9;1;4;5;1;1;5;12;9
1;1;4;1;10;3;3;1;1;3;2;1;1;1;1;1;4;1;4;1;25;3;3;2;1;31;3;1;2;1;3;19;2;1;13;1;25;3;9;1;4;2;1;1;5;12;9
1;1;4;1;10;3;3;1;1;3;2;1;1;1;2;1;1;4;1;4;1;1;3;1;2;1;5;31;3;1;1;3;3;1;19;2;25;9;1;25;3;9;1;4;1;1;5;12;9
1;1;4;1;2;3;3;1;1;3;1;1;1;1;2;1;1;4;1;3;1;1;3;1;2;1;5;31;3;1;1;4;3;1;19;2;18;4;1;25;1;9;1;8;1;1;3;12;9
1;1;2;1;1;3;1;1;1;3;2;1;1;1;2;1;1;4;1;4;1;1;3;1;2;1;5;31;3;1;1;3;2;1;19;2;13;4;1;25;9;1;8;1;3;12;4
1;1;2;1;1;3;2;1;3;2;1;1;3;2;1;1;4;4;14;4;3;1;2;5;38;3;1;1;6;1;1;19;1;1;8;1;20;3;1;4;4;6;1;15
1;1;2;1;3;2;1;3;1;1;1;3;2;1;1;4;4;7;4;3;1;2;5;38;3;1;6;1;1;19;1;8;1;21;1;3;1;4;1;6;10;1;11;1
1;1;2;19;3;4;1;3;1;1;1;2;2;1;1;5;4;7;4;3;1;2;5;38;3;1;1;6;1;1;1;1;6;26;1;3;1;4;1;5;10;1;7;1;1
1;1;2;19;3;7;1;1;1;1;2;2;1;11;2;4;8;4;2;1;5;36;3;1;1;7;1;1;1;10;27;1;1;1;8;1;5;10;1;7;1;2;1
1;3;19;10;7;1;1;2;2;1;13;9;4;9;4;1;4;5;34;3;1;1;8;1;1;1;25;19;1;1;8;1;5;1;1;5;1;10;1
1;2;10;7;1;1;2;2;1;13;11;4;10;4;1;4;5;21;3;1;8;2;1;9;5;27;2;8;1;3;8;1;5;1;1;11;6;1;25;1
1;1;1;7;5;4;1;2;2;1;12;11;4;10;7;2;4;5;7;3;2;8;2;1;5;27;2;7;1;3;8;1;5;10;1;13;6;1;28;2
1;1;1;7;5;4;1;2;12;3;11;4;12;7;1;3;4;7;3;1;2;6;2;6;5;27;2;7;1;3;1;8;1;5;10;1;13;1;37;2
1;2;1;16;7;5;8;1;2;12;3;11;1;16;9;1;3;4;13;3;1;2;5;2;6;5;27;2;8;1;3;1;4;1;5;1;1;13;1;38;2
1;2;2;1;16;7;5;8;3;1;2;12;3;21;9;2;3;4;13;3;1;2;5;3;6;5;1;26;2;12;1;3;1;4;1;5;11;1;13;1;44;2
2;2;1;10;7;5;8;3;1;12;3;19;5;2;3;4;6;3;1;2;2;2;1;5;22;2;12;1;3;1;4;1;2;11;10;6;46;2
2;2;1;6;2;7;5;8;3;1;12;3;2;22;5;1;2;1;3;4;6;3;1;2;2;2;1;5;22;2;2;11;3;1;4;11;10;6;54;2
1;2;2;1;3;6;2;3;5;8;3;1;11;3;2;20;5;1;2;1;3;4;6;3;1;1;2;2;1;5;22;4;2;6;3;1;4;11;10;6;55;2;1;1
1;2;2;1;3;3;6;2;5;8;3;1;2;3;2;20;5;1;2;1;3;4;6;3;1;1;1;2;1;5;1;17;4;2;5;3;1;9;10;6;53;3;1;1;5
1;2;1;1;5;1;3;6;5;5;8;3;1;3;2;20;5;1;2;1;3;6;3;1;1;2;6;1;5;1;2;4;2;5;3;1;4;10;6;45;3;1;1
1;2;1;1;5;1;3;6;5;5;8;3;1;1;3;2;19;5;1;2;1;3;6;3;1;1;2;7;1;1;4;5;1;2;2;30;3;1;3
1;1;2;1;3;5;1;3;6;5;5;3;2;2;1;2;19;2;1;1;1;3;6;1;7;7;1;1;4;5;1;2;27;3;3
1;1;2;1;1;5;1;3;6;5;5;3;2;2;1;2;17;2;1;1;6;3;9;7;1;1;1;4;5;2;18;3
1;1;2;1;5;1;3;5;1;4;2;2;8;1;2;13;1;1;3;9;7;1;1;4;4;2;3;17;3
1;1;1;5;1;3;5;6;1;2;2;26;1;2;12;1;9;6;1;1;1;4;3;2;2;3;11;3
2;1;1;5;1;3;5;1;6;1;2;2;32;1;2;11;1;9;6;1;1;1;4;3;2;2;2;1;3;9;3
4;1;7;5;2;3;5;4;6;1;2;36;1;9;6;1;3;8;2;3;2;2;5;1;3;1;3
4;7;3;5;5;5;4;6;1;2;46;1;1;9;6;1;3;7;1;2;2;6;1;2
1;4;9;3;2;5;4;6;1;1;2;46;1;1;9;8;1;2;7;2;2;8;1;2
1;4;9;3;4;4;6;1;1;2;46;9;2;1;1;9;5;1;2;1;2;2;6;1;11;2
1;4;9;4;4;6;1;1;1;46;1;9;2;1;1;9;3;1;2;1;2;2;6;1;3;11;2
1;3;9;2;4;4;6;1;1;46;1;1;9;2;1;2;1;2;3;1;2;1;2;2;6;1;3;11;2
3;3;9;2;1;4;4;6;1;1;46;1;1;9;2;4;1;2;1;1;3;1;2;2;2;6;3;3;11;2;1
3;3;9;2;1;4;4;6;1;38;1;1;9;2;4;1;2;1;3;1;2;2;2;6;3;1;11;2;1
3;3;9;2;1;4;4;1;20;1;1;5;2;4;1;2;1;3;2;2;6;3;1;11;2;1
3;2;9;2;1;4;3;1;14;1;1;5;2;4;1;2;1;3;2;2;6;3;11;1
4;11;4;2;2;1;10;2;1;1;1;3;3;3;2;3;5;1;1;2;1
4;11;4;2;2;1;1;2;1;1;2;3;3;5;1;4;2;2;1
3;2;4;1;2;1;1;1;1;3;3;11;4;2;2;1
3;4;1;2;1;2;2;1;1;3;1;4;1
3;3;1;4;2;1;1;2;1;3;1;4;1
3;3;1;4;1;3;1;6;3;4;4;1
1;1;1;3;4;6;4;1;4
1;1;1;3;4;6;1;4;1;4
1;1;1;9;4;6;1;3;4;1;4
2;1;1;10;4;6;1;3;4;1;4;2
1;1;1;1;11;4;6;1;3;4;1;4;4
1;1;1;1;11;1;1;4;6;1;3;4;1;4
1;1;1;1;11;12;1;4;6;1;3;5;1;4
1;1;1;1;10;19;1;4;6;1;3;4;1;4
1;1;1;1;10;24;1;1;6;3;4;1;4
1;1;1;8;24;1;1;3;4;1;1
1;1;1;8;27;1;3;4;1
1;1;8;27;2;1;3;4;1
1;1;3;27;2;1;4;1
1;2;27;2;1;2;1
1;27;1;1;2;1
1;1;2;1;26
1;15;1;1;2;1
1;8;1;1;3;1
1;3;1;1;10;1
1;3;1;1;15;1
1;1;1;1;16
1;1;16
1;1;16
1;1;16
1;16
1;16
4;1;14
4;1;1;6;13
6;2;4;3;1;6;1
6;6;4;3;8;1;1;1
3;6;6;4;3;11;1;1
3;6;6;4;1;3;2;11;1;3
3;6;6;4;1;3;9;11;1;2;6
3;6;6;4;1;3;9;11;1;2;6
3;6;6;4;1;3;9;11;1;2;6
3;6;6;4;1;3;9;11;1;2;6
6;3;6;1;3;9;11;1;2;6
2;3;6;1;3;2;11;9;6
2;3;4;1;2;11;9;6
2;3;1;2;3;9;6
9;1;2;2;6
7;2;2;4
2
1;2
1;2
1;2
1;2
1
1
1
1
1
1
None
None
None
1
1
1
1
1
1
1
1
1;2;1
1;2;1
1;2
1;2
1;2
1;2
1;2
1;2
1;2
1;2
None
None
None
None
1
3
2;3
2;3
2;3
2;3
2;3
2;3
2;3
2;3
2;2
2
None
None
None
2;1
2;1
2;5;1;4
2;5;4;2;4;1
2;5;4;2;4;1
2;5;4;2;4;1
2;5;4;2;4;1
2;5;4;2;4;1
2;5;4;2;4;1
2;5;4;2;4;1
4;5;2;4
4;7;2;4
4;1;2;2
1;2;3;2
4;10;3;2
1;12;2;4;3;3
4;1;12;8;2;1;4;1;4;3;3;2;1;3
4;1;12;15;2;1;1;1;5;4;4;1;1;4;3;3;1;3
4;1;12;19;2;4;1;2;6;5;12;4;1;1;4;3;5;1;3;1
4;1;3;18;6;1;12;2;5;5;1;6;17;1;2;3;2;1;1;3;2;1;19;4;2;2;3;1
4;1;1;9;28;7;1;12;2;5;10;1;6;27;1;2;3;2;3;1;3;2;1;24;4;2;2;11;1
4;2;3;10;41;7;1;12;5;2;11;1;1;3;15;27;1;2;3;2;3;1;4;2;1;24;4;2;2;12;1;6
4;2;4;10;59;7;8;1;12;4;2;11;1;1;10;22;1;27;1;2;2;6;2;18;3;1;4;2;1;24;4;2;2;12;1;13
4;2;4;10;69;7;15;1;12;4;2;11;1;1;16;22;1;3;25;1;2;6;8;2;27;3;1;1;1;2;1;24;4;2;2;12;1;16;1
4;2;4;10;71;2;7;17;1;12;1;2;11;1;1;1;18;1;22;1;3;1;17;1;3;2;11;1;9;2;37;1;3;1;1;2;2;1;24;4;2;2;12;1;23;1
4;2;4;72;1;4;15;17;2;12;1;2;11;1;1;1;18;5;1;22;1;3;1;4;2;3;14;2;1;9;2;49;1;3;1;1;1;2;1;24;4;2;2;12;10;7;23;1;7
2;2;4;82;2;1;1;4;2;15;17;1;2;2;11;4;1;2;9;1;1;1;18;5;1;22;1;10;1;3;2;3;14;2;1;6;2;63;1;4;1;1;1;2;1;16;1;2;2;3;12;10;14;23;1;21
2;2;4;100;2;1;1;4;2;15;3;17;1;1;3;2;8;4;2;8;1;1;18;5;1;21;1;17;1;3;2;3;14;2;1;6;1;70;1;4;1;1;1;1;1;9;20;2;2;3;12;10;23;1;28
2;2;4;104;1;6;4;2;3;6;17;1;1;3;1;3;6;4;3;8;1;1;18;1;16;1;17;1;15;3;1;3;14;2;1;8;1;85;1;6;1;1;5;3;3;5;1;20;2;6;12;10;1;23;1;33;3
4;1;4;90;1;6;4;2;10;8;3;1;1;3;5;2;6;4;1;3;8;1;1;18;1;16;1;17;1;1;17;6;3;14;2;1;8;103;1;16;1;1;7;5;2;5;7;20;2;6;6;9;7;1;23;1;33;14
4;1;3;95;1;6;4;17;8;3;1;1;3;5;2;6;4;1;3;3;3;1;1;18;16;1;17;1;17;7;3;14;2;1;8;117;1;2;1;8;1;8;7;15;2;2;14;20;8;6;2;2;1;23;1;33;16
4;1;94;1;6;4;28;8;3;1;1;3;8;4;6;4;1;3;1;2;6;15;7;1;17;1;17;7;3;1;14;2;1;8;1;126;1;2;1;12;8;7;16;2;5;14;20;1;8;6;1;1;1;17;1;33;26
6;4;78;4;8;4;33;8;3;1;4;8;5;3;1;1;3;1;2;7;8;17;1;2;9;7;3;1;12;2;1;8;1;122;1;2;1;12;8;7;16;2;5;16;20;2;8;8;6;1;1;10;1;33;27
6;4;74;6;8;4;33;8;5;1;4;8;5;1;1;1;4;1;2;7;2;14;1;6;2;7;3;2;8;2;1;8;1;119;1;2;16;12;2;7;8;3;5;16;20;2;1;8;8;10;4;1;7;33;27
6;3;4;3;82;6;8;1;2;33;3;8;1;4;1;8;6;1;1;1;1;4;1;1;3;6;3;1;14;6;6;7;3;2;8;1;121;2;17;12;6;6;8;3;5;16;1;20;1;2;1;8;8;20;17;1;2;1;2;33;27
7;3;4;3;90;5;8;1;33;6;8;2;4;1;8;6;1;1;1;1;4;1;1;3;6;3;1;14;6;5;7;1;1;8;1;122;2;2;18;12;6;3;8;3;5;16;1;13;1;2;1;8;8;25;24;1;2;1;2;26;27
15;3;1;3;86;5;7;1;31;10;8;9;1;2;1;8;5;1;1;3;1;4;1;1;1;3;6;3;3;1;11;7;1;6;5;7;1;1;1;6;2;126;2;2;17;12;6;3;8;3;5;16;1;6;3;2;1;8;5;27;27;1;1;1;4;2;12;27
33;2;4;1;3;84;5;7;1;31;11;27;15;3;1;1;8;5;1;4;1;4;1;4;1;3;6;3;9;1;23;1;6;5;7;1;1;6;2;131;2;2;18;12;6;3;8;3;5;16;1;1;3;2;1;8;5;31;29;1;3;1;6;4;5;5
42;2;4;1;3;89;5;2;1;31;15;24;21;5;1;1;8;4;1;4;1;4;1;10;1;6;3;9;1;32;6;4;6;1;1;6;2;128;2;2;16;12;6;3;6;1;5;15;1;3;3;2;1;8;2;35;29;3;1;6;4;1;2
42;2;4;1;3;2;104;5;2;1;31;16;13;4;23;6;1;1;1;4;4;1;4;1;1;4;1;25;1;6;3;9;1;6;7;3;1;1;1;2;112;3;2;2;5;11;3;6;1;3;1;3;9;1;4;3;2;1;2;2;35;33;1;3;1;8;4;2;45
42;2;4;1;3;2;106;5;14;2;1;16;4;11;3;23;6;1;1;1;4;4;1;4;1;1;1;1;33;2;15;6;3;9;1;6;3;22;3;1;1;1;1;3;2;103;9;4;2;4;4;3;6;8;1;1;2;3;1;1;3;3;2;3;1;1;1;2;35;36;1;1;8;4;2;45
42;2;4;16;3;2;106;5;15;2;5;4;1;8;23;7;1;1;1;2;2;5;4;1;1;1;2;1;1;41;10;15;1;3;9;1;6;4;30;3;2;1;1;1;1;3;4;2;97;9;4;2;1;1;3;6;2;1;1;12;2;1;6;3;5;1;15;1;1;7;2;40;46;1;1;7;4;45
3;3;2;4;17;1;2;112;2;15;5;1;24;16;23;7;1;3;1;41;4;9;4;1;1;1;2;1;53;11;15;3;9;1;6;4;2;32;3;1;1;1;1;3;10;2;2;88;9;6;2;1;1;11;6;2;1;1;1;15;1;9;3;5;9;2;1;1;12;4;40;1;53;4;1;1;8;1;4;45
3;3;2;4;17;1;2;117;1;15;1;3;5;5;27;4;23;7;1;5;1;41;4;2;4;1;1;2;2;1;63;11;15;3;9;1;6;3;4;2;35;1;1;1;1;8;3;10;2;97;9;6;2;12;1;18;6;2;1;16;14;1;9;3;5;9;1;12;5;40;1;57;1;1;7;1;4;45
3;41;2;1;4;2;124;15;3;5;5;27;4;23;7;5;1;2;1;2;16;1;1;2;1;65;11;14;1;9;6;18;4;32;2;1;3;18;24;3;1;1;5;94;9;6;2;11;1;2;1;16;14;15;9;3;4;1;12;7;30;44;10;31;7;1;4;45
40;2;1;4;2;133;15;4;4;5;28;4;24;6;5;3;2;2;2;16;1;1;2;1;72;11;14;1;3;1;9;6;29;3;4;29;3;1;32;39;3;1;1;5;88;9;6;3;10;1;2;1;1;16;14;1;15;9;3;4;1;12;9;25;37;10;38;7;1;4;1;45
30;2;1;14;2;132;15;5;2;4;5;29;1;4;16;6;5;4;2;2;2;5;3;1;6;2;4;76;11;14;1;3;1;10;1;10;35;6;4;25;2;3;38;2;51;3;1;3;1;5;75;9;6;3;10;1;2;1;1;17;14;1;15;9;3;2;1;12;10;23;34;1;3;10;46;5;1;2;1;34
12;3;3;125;15;5;7;1;2;2;5;29;1;4;10;4;6;4;2;2;2;5;13;1;6;2;2;1;4;76;12;14;1;1;1;1;1;10;35;6;4;24;3;2;3;1;9;44;3;55;3;1;3;1;5;74;9;6;3;9;1;2;1;1;17;15;4;15;9;1;2;1;12;10;20;32;4;3;10;61;3;1;5;1;22
3;3;3;118;7;1;78;14;4;4;6;2;1;55;3;10;74;1;1;2;9;3;3;1;1;13;3;15;2;5;6;2;6;1;4;4;2;4;1;2;15;10;5;5;16;32;71;3;1;5;5;3;4;1;1;3;1;2;44;17;35;2;20;9;1;1;15;2;1;2;3;13;2;3;9;2;1;12;6;1;1;6;4;1;1;6;3;9;1;3;29;12;5;4
3;6;3;104;7;1;64;14;4;4;6;2;1;6;55;3;10;82;1;2;9;3;3;1;2;15;2;5;5;2;6;1;5;5;1;1;5;1;2;1;14;10;5;5;16;30;75;1;1;6;8;3;2;1;1;3;1;3;45;17;35;2;1;20;6;1;1;1;15;2;1;2;13;1;1;1;3;9;2;3;12;6;1;1;6;4;1;1;1;2;3;14;1;1;4;29;12;6;4
4;6;3;87;9;1;56;7;4;4;6;2;1;1;15;55;10;90;1;2;8;3;3;1;2;1;2;5;6;2;6;2;1;5;2;1;1;5;1;2;13;10;5;2;5;15;27;83;1;1;10;8;3;2;1;1;3;1;3;1;3;45;14;35;2;18;1;1;1;15;2;1;1;2;13;1;1;1;2;3;10;2;4;10;6;1;6;4;3;1;1;1;2;3;14;1;1;4;26;11;6;4
4;6;3;76;10;1;56;1;19;4;4;6;2;1;1;20;10;6;103;1;2;3;3;3;1;2;5;6;10;6;7;1;5;1;1;1;5;1;2;9;6;5;2;5;10;19;88;1;1;55;8;3;2;1;3;1;3;2;1;3;45;9;35;2;10;1;1;1;15;1;1;2;1;1;1;1;2;3;11;5;4;2;6;1;6;1;4;6;1;1;1;2;3;12;1;1;4;14;5;4;4
4;6;3;70;12;3;1;1;52;1;23;1;4;6;2;1;1;20;2;10;111;1;1;2;3;1;5;6;1;4;2;4;6;3;6;7;1;8;1;1;8;2;1;1;3;4;5;2;5;6;17;2;90;1;7;55;8;3;2;1;1;5;2;1;3;45;1;35;1;2;1;5;1;1;6;1;1;4;2;1;3;1;1;1;3;3;21;5;4;1;3;1;6;2;4;11;1;1;8;1;4;5;11;4
4;6;3;66;1;12;3;2;1;42;1;27;1;4;6;2;1;1;20;2;10;111;2;1;2;2;3;1;5;3;2;4;1;12;1;2;6;5;6;7;1;8;1;1;5;3;1;1;1;5;1;5;2;5;2;12;1;2;86;1;17;48;7;3;2;1;1;3;5;2;1;5;42;1;32;1;2;1;7;1;7;6;1;1;4;2;1;3;1;2;1;3;3;1;23;5;4;1;1;1;6;2;4;11;1;1;1;5;2;4;4;2;11;5
4;6;1;3;62;3;12;3;2;6;1;1;46;1;28;1;3;4;6;3;1;1;20;2;10;114;2;1;2;2;2;2;3;1;5;3;2;8;3;12;1;2;1;6;3;6;7;1;12;1;1;5;3;1;2;1;5;1;5;2;5;14;1;2;77;1;17;36;5;3;2;1;1;3;5;2;1;5;27;1;17;1;2;1;7;1;8;1;1;4;2;1;3;1;2;1;3;3;1;23;5;4;1;1;1;6;2;4;11;1;1;1;5;2;2;9;4;2;11;5
4;6;1;52;3;12;3;2;15;1;1;41;1;28;1;7;4;3;3;1;1;20;2;21;116;2;1;2;4;2;5;3;1;5;1;2;11;3;12;1;1;1;4;3;6;7;1;21;1;1;6;3;1;2;2;6;1;5;1;5;2;5;14;1;2;76;1;17;10;4;3;1;1;1;3;5;2;1;5;13;1;6;1;2;1;7;14;1;1;4;2;1;3;1;2;1;3;9;1;23;5;4;2;1;1;6;2;4;11;1;1;1;6;2;4;2;9;4;1;11;4
4;6;6;55;3;12;3;2;28;1;1;37;1;28;1;10;3;5;3;1;1;1;20;2;5;117;2;1;4;2;5;2;2;5;1;2;18;3;12;1;1;1;4;1;7;1;23;1;1;8;3;1;2;2;18;1;5;1;5;2;5;14;1;2;72;1;17;9;3;3;3;1;2;3;5;2;1;5;7;1;1;7;25;6;1;1;4;2;1;3;1;2;1;3;13;1;23;2;4;2;1;2;2;4;11;1;1;1;6;2;4;2;9;3;11;4
4;6;13;61;3;5;3;2;28;1;1;37;1;28;1;10;3;5;3;1;1;20;2;5;112;1;1;12;1;4;2;5;2;2;5;2;1;19;3;12;1;1;1;1;1;7;1;1;7;1;23;1;1;8;3;1;2;2;30;1;5;11;5;1;2;4;14;1;2;61;1;17;5;3;3;5;1;2;3;3;2;1;5;1;1;1;1;7;25;12;3;1;4;1;2;1;3;1;1;2;1;3;13;1;14;2;3;4;1;2;2;1;11;1;1;6;1;2;4;3;9;4;11;4
1;3;19;1;67;3;5;1;3;2;31;1;32;1;28;2;1;12;9;3;4;5;3;1;1;20;2;5;8;117;1;2;12;1;4;2;14;2;5;1;2;7;19;3;13;2;1;1;1;1;1;5;1;11;7;1;24;1;1;10;3;1;1;3;2;1;5;31;1;5;4;19;1;2;7;15;1;2;1;57;19;5;6;7;5;1;2;1;2;2;2;1;5;1;4;1;2;1;3;7;2;8;1;1;25;14;3;1;1;5;2;2;1;1;1;1;8;3;1;3;2;13;1;14;9;3;1;4;4;1;1;3;11;1;1;3;6;1;2;4;7;4;3;9;4;9;1;12;2
1;20;1;69;3;5;1;1;3;3;2;31;1;1;36;2;29;2;1;10;3;4;5;2;1;1;14;2;5;16;119;1;2;3;12;1;4;2;19;2;2;1;1;2;7;19;3;9;15;2;1;1;3;1;1;1;5;1;11;7;1;27;1;2;10;3;1;1;3;2;5;31;10;4;6;19;2;1;2;7;13;1;2;1;52;1;28;4;3;10;5;1;2;1;2;2;2;1;5;1;8;1;2;1;4;6;3;1;25;14;5;1;1;3;5;2;1;1;3;2;8;4;3;13;3;3;14;5;1;1;4;4;1;1;1;3;1;11;1;3;12;1;1;4;7;4;5;9;3;9;1;12;2
20;1;69;3;3;1;1;1;3;3;2;31;6;2;1;47;2;22;2;1;21;3;4;5;2;1;1;5;2;12;17;106;1;2;4;12;1;4;2;19;2;2;1;1;2;23;19;3;18;2;1;1;3;1;1;1;4;9;11;7;1;31;1;6;3;1;1;3;2;5;31;11;3;6;2;19;2;1;7;16;1;2;1;44;31;9;5;3;10;5;1;2;1;3;6;2;2;10;1;1;8;1;2;1;1;1;4;6;3;1;25;14;7;1;1;3;4;2;1;1;3;2;8;4;1;13;3;3;13;13;1;4;4;1;1;1;3;3;1;8;1;6;3;1;2;4;7;5;5;9;3;13;1;5;2
1;21;1;70;3;2;1;1;1;3;3;6;31;8;1;44;1;10;2;1;23;3;4;5;2;1;1;2;12;28;95;1;9;3;6;12;1;4;3;20;2;2;1;7;2;26;19;3;21;2;1;1;3;1;1;1;6;1;9;11;1;31;1;6;3;1;1;3;2;5;31;17;3;11;2;19;2;1;7;19;3;2;1;43;31;11;5;3;15;8;1;2;2;5;6;7;2;14;1;1;8;1;1;2;1;1;2;1;4;7;4;1;25;4;7;1;1;3;4;2;1;1;2;4;2;8;14;1;13;3;5;12;14;1;4;1;4;1;1;1;5;3;1;5;2;1;6;3;1;2;6;7;5;6;9;3;7;3;7;1;1;2
1;22;1;71;3;1;5;1;3;1;6;31;2;8;1;39;2;6;2;26;3;4;5;2;1;1;1;12;31;89;3;9;2;6;12;1;4;3;1;22;2;1;2;7;1;26;19;3;20;2;1;1;3;1;1;1;6;1;9;1;2;1;30;1;3;6;1;11;1;3;2;5;1;31;17;2;11;2;19;2;1;12;17;3;1;40;24;11;5;8;27;9;1;2;2;5;11;7;2;14;1;1;12;1;1;1;1;1;5;3;4;4;4;1;25;14;8;1;1;3;1;2;1;7;2;8;3;2;15;3;5;2;19;2;1;2;4;1;4;1;1;1;1;4;3;2;1;1;6;3;1;2;7;7;8;7;9;4;7;3;1;2;4
1;22;1;81;2;1;5;1;3;1;5;31;2;8;1;39;2;2;2;26;3;4;5;3;2;1;1;12;31;86;2;1;9;2;6;12;1;4;1;1;10;22;2;1;2;7;1;26;15;2;12;2;1;4;1;1;1;6;2;9;2;1;30;1;3;6;11;1;3;2;5;1;31;17;4;2;19;2;1;16;27;2;1;47;14;11;1;4;8;1;10;2;2;3;11;7;3;12;1;2;1;13;1;1;1;1;1;5;3;1;4;2;1;11;1;22;2;10;1;1;3;1;2;1;10;7;2;8;14;1;2;15;2;5;19;2;1;2;4;1;4;1;1;1;3;4;3;2;1;27;5;3;1;1;7;7;8;7;5;4;7;3;1;2;3
1;21;1;82;1;1;1;14;1;5;25;2;8;42;2;1;2;26;3;4;5;2;2;1;9;31;90;2;1;9;2;6;12;1;2;1;1;22;20;2;1;2;7;1;2;26;12;12;2;1;1;4;5;1;1;1;6;2;3;10;2;1;29;1;3;10;11;1;3;2;5;1;31;17;5;2;19;2;1;10;18;35;2;1;56;14;11;1;8;1;10;2;2;3;10;7;8;12;1;13;1;13;1;1;1;1;1;1;5;3;1;4;2;1;11;1;21;2;10;1;1;3;1;2;1;20;8;2;8;14;9;1;2;15;2;5;19;2;1;2;4;1;4;1;1;1;5;4;3;2;1;27;5;3;1;1;7;7;6;7;4;7;3;1;2;3
1;21;1;74;1;1;1;14;1;5;16;2;8;53;2;1;2;26;3;4;5;2;2;1;5;31;95;2;9;2;12;1;1;1;1;27;17;2;1;2;7;1;2;26;9;12;2;12;1;4;5;1;1;1;6;2;3;14;2;1;20;1;3;21;11;1;3;5;1;25;17;13;2;19;2;1;15;18;44;2;1;53;2;14;11;1;8;1;10;2;2;3;10;7;8;12;1;13;1;13;1;1;1;1;1;1;5;4;1;4;2;1;11;1;14;2;10;1;1;3;1;2;1;24;8;2;8;14;12;1;2;10;2;5;22;2;1;2;4;1;3;1;1;1;5;4;5;3;2;1;27;5;6;1;1;3;8;6;7;4;7;3;1;2;3
1;16;1;79;1;1;1;14;1;5;3;2;8;63;2;1;2;26;3;4;2;2;1;2;31;98;2;9;3;12;14;2;1;1;27;17;2;16;2;7;1;2;26;2;2;3;12;2;12;1;4;5;1;1;2;1;5;2;3;14;2;1;1;37;11;1;3;5;1;13;17;31;2;19;2;1;17;19;53;2;1;53;6;14;11;1;8;1;2;7;3;2;4;10;7;8;12;1;13;1;13;1;1;1;1;1;1;5;4;1;4;2;1;11;15;1;3;2;10;1;1;3;1;1;2;1;24;8;2;8;8;1;2;4;2;5;23;2;1;2;4;1;3;1;1;1;5;4;5;3;2;1;27;5;6;1;1;3;8;6;7;2;1;7;3;1;2;3
1;13;1;69;1;1;1;1;5;3;2;8;76;2;2;1;2;26;1;4;2;2;1;1;2;31;93;2;9;3;2;1;1;27;17;2;19;2;7;1;2;25;1;2;3;12;1;12;4;5;1;1;1;4;2;3;14;14;1;41;10;1;3;5;1;1;17;47;2;8;2;2;19;21;14;2;1;50;6;14;11;1;8;1;2;5;1;6;2;4;10;8;12;1;13;1;13;1;1;1;1;1;5;4;1;4;2;1;11;15;1;3;2;8;1;4;3;1;1;1;1;24;8;2;7;2;1;2;4;2;5;22;2;1;2;1;3;54;1;1;1;6;2;5;3;2;2;27;5;7;8;1;3;8;5;7;1;1;7;3;1;2;3
1;7;58;1;1;1;1;5;2;8;76;2;1;17;2;2;1;1;23;77;2;9;2;2;1;1;27;8;2;1;7;2;3;19;2;2;3;11;12;3;4;1;1;2;2;3;5;13;1;5;39;1;13;61;2;2;2;19;19;70;2;55;6;12;11;1;5;2;5;3;14;1;4;10;23;12;1;13;5;1;1;1;1;1;4;1;1;2;1;7;15;3;19;8;1;4;3;5;1;9;8;1;1;1;2;4;2;5;9;15;2;1;1;2;1;1;6;3;5;3;2;2;20;3;7;8;1;3;1;4;4;1;1;7;3;1;2
1;6;55;1;1;11;1;5;2;8;71;1;16;1;1;2;1;1;15;66;3;9;2;4;2;1;27;3;3;1;6;2;1;19;3;2;3;9;12;5;4;1;2;2;3;5;2;9;1;1;1;7;71;2;2;1;19;19;70;2;55;3;11;1;5;2;6;3;2;5;1;4;9;23;12;13;5;1;1;1;2;1;4;1;41;2;1;5;15;5;19;6;1;4;1;1;9;8;1;1;1;4;2;9;15;2;1;1;2;1;6;3;5;3;2;2;17;3;6;6;1;3;1;4;2;1;1;7;3;1;2
1;6;58;11;1;5;2;6;67;1;5;5;1;2;1;1;14;70;6;9;2;2;1;27;3;5;1;6;7;3;4;2;3;6;12;7;4;1;2;2;3;5;7;5;1;1;1;6;80;2;2;3;19;19;72;2;65;4;2;1;5;5;2;6;3;3;7;1;3;5;23;4;13;5;6;1;1;2;1;10;1;43;6;1;5;15;5;19;4;1;4;1;1;8;8;9;1;4;2;9;11;2;5;1;2;1;12;3;5;2;2;10;17;3;6;3;1;3;2;1;1;7;3;11
5;59;1;1;1;2;71;1;5;19;1;2;1;3;70;6;1;4;2;3;1;27;2;9;1;8;4;4;3;3;12;6;4;1;1;3;5;1;14;6;1;1;43;1;1;1;1;84;2;2;3;22;20;70;67;1;6;5;1;2;3;3;4;11;1;1;5;7;13;5;5;2;1;2;1;16;9;1;11;15;7;23;4;1;4;1;1;1;1;23;4;9;2;4;9;10;2;5;1;2;1;15;5;3;10;12;5;6;1;1;3;5;1;1;12
4;62;14;1;73;2;24;3;1;1;1;70;4;1;2;3;3;26;15;1;8;4;4;3;1;1;12;1;1;3;3;5;4;1;46;1;1;1;85;2;3;22;17;73;66;5;1;2;1;2;2;3;4;9;1;1;7;7;13;1;5;2;4;5;1;16;8;1;11;15;7;23;2;4;1;1;1;6;23;1;9;2;2;9;5;4;2;3;15;5;3;9;1;2;4;6;1;4;1;14
9;45;14;1;1;2;73;1;4;24;14;1;2;1;58;4;1;1;3;17;15;4;7;4;6;3;1;1;12;3;3;2;4;3;5;1;4;2;2;1;1;1;85;2;3;22;13;65;2;64;5;2;2;2;1;3;4;9;1;1;7;7;1;3;11;5;2;3;6;4;16;46;8;11;15;4;23;4;1;1;1;6;14;1;9;2;2;9;5;4;3;13;1;5;1;3;10;1;2;4;5;5;4;1;15
9;31;14;3;1;2;64;1;10;4;24;17;1;2;1;3;53;4;1;2;1;4;6;14;2;13;7;7;6;3;1;1;11;4;2;2;2;4;1;4;1;1;2;4;1;3;1;1;1;84;2;3;12;8;65;2;55;6;2;2;2;1;3;4;12;5;2;9;7;7;2;6;1;3;6;4;16;43;2;8;15;2;4;14;1;4;1;1;1;6;4;9;4;2;1;9;2;7;4;3;12;1;5;1;3;14;1;2;4;1;5;4;1;1;2;3;17
9;33;1;6;14;3;5;1;2;51;3;15;5;24;18;1;2;1;6;47;4;1;2;1;4;1;2;16;5;13;7;7;6;3;1;1;5;2;2;2;4;3;1;1;2;4;1;1;3;1;1;1;76;2;3;7;10;1;60;2;59;7;2;2;2;2;1;3;4;13;5;7;12;7;2;3;6;3;3;6;4;15;35;2;8;15;2;5;11;1;4;1;1;1;1;6;8;10;4;1;1;9;6;4;4;4;18;1;1;3;14;1;2;5;1;4;2;2;4;1;1;2;3;17
1;9;19;1;9;14;3;5;1;2;40;3;15;10;3;24;18;2;1;1;2;3;6;38;4;1;1;4;3;2;16;5;13;7;7;4;1;1;7;2;2;2;2;3;1;1;3;5;1;1;3;1;1;1;58;2;3;11;10;1;57;2;55;8;2;2;2;1;3;4;13;5;18;10;7;2;4;6;7;3;6;4;15;1;20;2;8;1;2;5;7;1;4;1;1;1;6;8;1;1;10;4;3;9;10;4;4;1;5;25;1;1;3;14;2;2;5;1;4;7;2;4;3;2;3;17
1;5;23;1;2;14;14;3;5;1;2;24;7;15;22;8;24;18;2;1;2;3;6;37;4;1;1;4;3;2;16;5;13;7;7;4;1;2;7;2;2;2;3;3;1;1;3;5;2;1;3;1;1;1;44;4;3;9;14;1;59;2;54;9;2;2;7;1;2;4;10;5;33;4;7;2;4;6;7;3;6;4;1;2;2;16;2;8;1;1;2;5;4;1;4;1;1;1;1;6;7;1;7;10;4;3;9;17;4;4;1;2;25;1;15;3;13;2;2;12;1;4;7;2;4;3;2;3;17
1;5;27;1;2;14;14;3;9;1;2;21;7;15;22;8;24;18;2;1;2;3;6;36;4;6;1;4;3;2;15;5;13;6;6;4;1;3;8;2;2;2;3;3;1;1;6;3;6;2;1;3;1;1;1;34;5;3;9;15;1;44;2;43;9;2;2;7;1;1;4;10;5;51;4;1;1;8;2;4;6;7;3;6;4;1;2;3;17;2;8;1;1;2;7;4;1;4;1;1;2;1;6;6;1;8;10;4;3;17;5;4;1;6;24;1;15;3;13;2;2;13;1;4;7;2;4;3;2;3;18
1;5;27;1;2;15;12;3;11;1;2;21;10;15;22;8;23;18;2;1;2;3;6;35;3;1;10;1;4;3;2;15;5;13;6;5;4;1;3;8;2;2;2;3;3;1;1;6;3;3;6;2;1;3;1;1;1;35;3;5;2;9;15;1;44;2;41;9;2;2;1;10;1;2;10;5;57;13;2;1;8;2;4;6;7;3;6;4;1;2;3;14;3;2;8;1;1;2;5;4;1;4;1;1;3;1;6;3;5;1;8;15;3;3;17;4;4;1;7;24;1;3;14;3;13;2;2;4;1;4;7;2;4;3;2;3;18
5;1;5;24;1;2;15;7;3;11;1;2;14;15;15;2;22;8;19;18;2;1;2;3;6;37;3;11;1;4;6;3;2;13;5;15;14;1;4;4;1;3;5;2;2;2;3;3;1;1;3;11;6;3;3;12;2;1;2;1;3;1;1;1;29;3;3;9;15;1;38;2;31;9;2;2;1;10;1;1;8;5;68;13;2;1;8;2;4;1;7;3;1;4;1;2;3;3;2;5;1;1;2;5;4;1;4;8;1;1;4;1;6;3;3;1;8;9;7;3;17;4;1;1;1;7;19;1;3;8;1;5;2;2;2;4;1;4;7;2;4;3;2;2;3;9
5;1;5;21;1;1;2;1;4;11;2;5;17;15;2;1;20;8;5;18;2;1;2;3;6;47;3;11;2;1;1;3;2;9;5;15;16;1;4;2;1;3;5;6;4;2;3;3;3;10;6;3;2;6;2;1;2;2;17;1;26;2;3;3;6;14;1;35;2;25;9;2;1;1;1;1;4;5;69;3;2;1;8;2;4;1;6;3;1;3;1;2;3;12;3;2;1;1;1;2;6;1;1;4;24;15;5;1;5;3;3;1;8;9;6;3;4;1;1;1;7;16;1;3;2;5;2;10;2;12;1;4;7;2;3;2;4;3;8
5;1;5;15;1;1;2;1;4;11;2;18;15;3;1;2;20;8;15;2;1;2;3;6;58;3;11;2;1;1;4;3;2;3;5;15;16;1;4;2;2;15;15;4;2;3;3;3;10;6;3;2;9;2;1;2;2;17;1;30;9;3;3;6;11;1;29;2;19;4;1;1;1;1;4;5;69;3;2;1;8;2;4;1;6;1;3;1;2;3;3;2;1;1;1;2;6;1;1;1;28;5;5;1;1;1;3;3;1;1;8;9;6;3;2;4;1;1;1;7;16;1;3;3;5;2;10;10;1;4;7;2;3;2;4;3;4
5;1;15;1;1;2;3;11;6;15;5;1;2;18;8;1;2;1;2;6;69;3;11;2;1;1;4;3;2;3;5;11;16;1;4;2;15;15;4;3;3;3;10;6;3;1;9;1;1;2;2;17;1;30;12;3;3;6;11;1;25;11;4;1;1;1;4;5;69;3;4;5;2;4;1;6;1;1;3;3;2;1;1;1;2;6;1;1;28;5;5;1;1;4;4;3;1;1;8;8;6;3;2;4;1;1;1;17;16;3;3;4;2;10;10;1;7;2;3;2;4;3;3
5;1;15;1;1;2;1;11;6;5;5;1;2;18;8;1;2;1;2;3;62;3;10;1;2;2;2;3;2;16;1;2;15;17;1;2;3;3;10;6;5;1;2;1;1;2;2;30;14;3;3;6;11;1;15;1;7;3;8;10;1;1;1;68;15;4;1;1;4;6;1;1;3;8;3;1;1;1;6;1;28;4;3;1;1;1;4;3;2;1;8;8;4;2;2;2;1;1;1;17;15;3;3;2;1;1;1;7;2;2;4;1
5;1;13;1;1;2;1;6;17;5;1;2;17;8;1;2;2;54;3;10;1;2;2;16;1;2;9;17;1;3;3;10;6;5;1;2;1;1;1;2;30;14;3;3;6;9;11;1;2;1;1;1;63;11;4;1;1;1;4;1;1;3;4;3;1;1;1;5;1;28;3;3;1;3;4;2;2;1;8;7;4;2;2;2;1;1;1;3;9;3;2;8;5;1;5;2;4;1
5;1;4;2;1;13;2;1;2;6;7;17;3;3;1;7;2;16;4;1;51;7;2;4;28;1;1;1;1;1;1;3;17;1;3;2;2;1;2;12;6;5;3;1;1;1;1;1;5;1;1;2;14;6;2;54;3;8;10;3;1;1;3;10;30;5;1;3;3;4;2;8;5;1;5;2;1;1;1;1;1;1
5;1;4;2;1;4;2;1;1;1;1;17;3;1;1;16;4;1;36;6;2;4;28;1;1;1;1;1;16;1;3;1;1;1;2;10;6;2;3;1;3;1;1;5;1;1;14;2;54;3;3;10;1;1;3;28;5;1;3;1;4;2;2;2;1;4;1;1;7;1;1
5;1;4;2;2;1;1;17;3;7;4;1;18;2;2;3;1;1;1;1;1;12;3;5;1;1;2;10;3;3;1;1;1;2;14;2;54;3;3;5;1;22;3;1;3;3;2;28;16;1;3;1;1;4
