1
1;1;1
1;9;5;2
4;4;3
None
3
1
3;3
1;1;1
1
2
1;1;1;1;1;1
1;1;6;1;1;1;3;4;1;2;3;1;1;2;6;2;4;3;4;1;3;4;1;2
2;1;3;1;1;4;6;4;5;1;4;15;2;5;1;3
1;1;3;4;19;1;1;1
1;1;1;2;5;2;1;5;19;1;2;6
2;1;19;1;1;2;2;4;2;1
1;1;19
1;1;1;1;1;1;19
1;19
19
16
1;2;1;3;15;1
2;1;1;1;2;4;1;4;1
1;1;1;5
3;1;3;1
1;6;1;4;2;1;2;11;4;2;1;1;5
2;17;9;3;6
1;2;2;1;1;1;3;16;9
2;5;12;4;2;1;2
2;1;1;1;1;14;1
1;1;2;1;1;4;1;1
3;2;10;8
3;1;2;15;10
1;1;8;3;7;17
1;2;1;13;4;1;1;3;2;2
1;4;1;12;2
7;2;2;8;2;1;2
8;3;11;1;2;2;2
1;7;9;4;4;2;4;13;3;3;1;3
1;2;1;3;4;10;1;4;1;13;2;8;1;6
1;4;3;11;3;3
2;3;3;1;4;1;1;2;1
2;1
2;2;2;2
4;1;1;1;3;17;1;2;4
1;8;1;2;1;2;2;11;4;1;1;1;3;2;1;2;1;1;1;8
3;2;15;6;2;17;2;5;7;1;1
1;1;12;8;1;1;5;1;2;3;1
5;3;10;19;2
4;5;7;1;3;9;11;4;3;1;2
1;1;4;6;1;1;4;4;1
1;1;1;2;8;2;1;4;1;2;1;6;8;1
10;1;1;1;3;1;1;1;2;10;1
1;2;2;10;4;1;1;13;7;7
2;1;1;1;1;13;4;8;1
2;2;1;4;2;2;1;2;2;1;4;9;9;4;9;2;2
1;3;1;1;3;1;2;1;1;1;1;2;2;1;1;2;1;3
5;1;5;8;4;1;1;3
2;4;3;2;2;1
10;7;1;1;1;6;1;2;1
14;1;6
4;2;8;15
3;2;4;1;8;4
1;1;1;4;6;1;2;1
5;4;1;2;1;5
3;6;1;2;2
9;1;5;6;2;4
3;1;1;8;5;1
1;1;7;3;1;11;3;3;1
1;8;2;15;5;2;2;3
4;1;1;1;3;8;1;1;4;1;1
7;10;5;4;14;5;2;1;10
1;1;9;10;7;2;3
1;1;4;1;1
1;1;4;1;1
1;8;1
2;1;1
1
1;6
None
None
4
None
1
1
None
None
None
2
3
8
5
None
1;8
1;4;2
1;2
2;1
8;2;4
4;2;5
1;7;5
7;1;2;1;7
9;4
1;7;2;10
6;4;4
2;2;4;4;1;1;2
7;3;2
10;1
None
None
None
1
None
None
None
None
3
None
None
None
None
None
None
None
1
None
None
None
None
None
1
2
None
None
None
None
None
None
None
None
None
None
None
None
1;1;2
None
None
None
None
None
None
None
None
None
None
None
None
None
None
None
None
3
1;1;2
5;2;1;3
1;5;4
3
2;4;2
2;1;2;1
3;2
7;2;5
7;1
9;2
1;2
1
1
None
2
1;1;1
14;1
6;6
6;6;1;8;1;1;2
3;9;1
3;2;5;1;3
1;13;2;8;4;1;1;1;1;5;1
8;1;1;1;5;10;2;5;2;1;4;1
1;1;6;13;1;3;1;1;3;1;3;1;4;4;2;6;1;1;1
15;4;18;2;1;2;1;2
6;11;2;2;1;2;11;1;1;7
3;3;13;1;3;4;6;2;8;1;1
17;2;1;1;10;1;3;7;2;5
3;8;1;6;8;1;5;6;3;1;7
18;3;7;3;5;15;3;7;6;3;3;14;2;1
2;14;1;1;2;1;4;6;1;2;3;1;4;2;1;2;2;11;2;4
9;3;1;1;2;2;1;2;1;1;12;2;2;3;7;2;12
1;3;8;4;1;4;3;1;3;2;1;2;1;1;1;1;1;2;1;10;3
1;3;1;5;1;4;6;2;2;9;1;5;1;1
1;2;13;6;6;1;2;3;2;1;1;2;3;1;2;1;1;5;1;1;3
5;3;2;2;5;5;4;8;2;9
1;7;1;6;1;2;1;1;1;3;4;2;3;2;12;1;2;1;11;3
5;11;6;2;13;1;5;5;2;5;4;1;16;4
3;2;3;1;2;1;5;3;1;1;17;2;2;3;7;11;6;9;2;1;2;6;2
1;2;2;3;15;2;2;11;3;8;1;2;1;2;2;6;7;9;4;1;1;10;1;6;10
4;3;9;2;14;2;7;18;2;3;1;4;1;4;2
11;1;12;1;15;11;1;1;5;1;1;14;1;3;1;2;1;3
11;11;8;1;13;2;2;3;4;10;2;2;1;1;2
3;2;3;4;3;1;1;14;2;8;6;1;3;1;1;8
17;4;7;2;4;3;3;19;1;17;8;2;7;1;2
1;10;1;1;18;2;13;6;1;5;12;1;1;9
4;2;4;6;5;7;1;1;9;3;4;13;2;3;2;3;2;3;1
2;1;2;4;1;2;4;3;1;2;1;1;2;1;4;4;2;6;5;1;11;3;3;3;1;1;4;2;1;3;1;2
2;1;1;1;4;1;2;1;5;6;1;5;5;2;2;1;2;1;3;5;1;2;1;1;1;3;1;2;1;2;1;1;1;2
15;4;5;2;3;8;2;2;1;1;5;4;1;10;1;1;3;1;5;1
11;1;2;1;2;8;1;1;2;1;9;2;2;2;15;4;15;3;7;5;6
5;1;2;1;3;1;1;1;2;2;8;2;1;1;4;4;3;3;1;1;3;1;2;2;2;9;5;1;8;7;1;2;1;1;3;10;11;1;2;1;5;1;2;1;3;15;17
2;1;1;1;3;3;6;8;1;3;1;1;1;2;8;2;1;3;10;2;2;2;2;1;4;4;1;1;7;14;3;1;1;2;2;2;3;1;6;4;1;1;4;1;9;4;1;3;1
2;4;5;3;7;9;12;5;1;2;1;1;18;8;3;7;6;5;3;2;5;8;8
5;2;3;2;1;5;4;1;1;1;3;4;2;10;1;11;2;3;4;6;4;4;3;1;2;9
5;1;6;2;3;1;3;1;7;2;4;2;1;3;2;6;12;8;2;4;2;4;8;4;3;1;1;3;2;1;1
2;2;1;7;2;6;5;11;4;6;1;1;1;1;1;2;3;8;2;1;8;1;1;5;1;1;2;1;3;9;1;1;2
1;1;2;1;3;3;3;1;6;2;1;1;1;6;1;2;8;1;3;1;1;1;1;3;1;2;4;11;3;10;4;4;2
1;2;1;3;5;2;1;1;3;1;2;3;5;3;1;2;4;6;1;2;1;1;1;2;1;1;3;9;1;2;3;2;2;1;1;2;5;4;1;4;1;4;1;3;1;1;4;1;3;1
10;1;1;4;1;4;2;2;1;1;12;1;4;1;3;1;4;8;1;1;2;2;1;3;2;1;2;1;9;7;2;2;2;2;2;7;1
14;3;4;1;1;4;2;1;1;14;1;1;1;2;3;2;15;2;7
2;1;3;4;2;1;13;4;9;6;14;3;8;1;1;1;13;8;1;1;2;2;2;3;7;1;1;1
3;1;3;5;10;2;7;3;1;1;1;8;3;11;4;1;3;2;3;6;4;2;8;2;2
2;1;1;9;1;1;5;2;3;2;1;1;1;1;3;1;2;10;3;1;5;2;1;3;2;2;1;2;1;1;3;7;8;1;3;1;3;1;1;3;1
4;1;1;1;6;8;3;5;1;1;3;6;1;1;17;1;5;1;7;3;11;4;1;4;13;8;1;1;1;1;1
1;1;3;2;1;4;1;2;1;11;1;1;3;1;1;9;2;1;3;1;1;2;1;1;13;11;1;1;1;2;2;1;6;3;5;1;2;9;1;1
8;5;2;1;1;2;12;1;9;1;2;3;2;2;13;1;9;6;8;6;3;3;2;1;17;5;1;2;3;2;4;1;3;1;4;3
2;1;4;4;1;3;1;6;9;1;10;1;1;3;1;1;7;1;1;1;1;1;1;2;2;4;1;1
3;8;1;2;2;8;1;6;8;2;4;1;15;6;8;2;7;1;2;1;11;3;1;1;3;1;1
1;1;1;1;7;1;2;3;1;14;3;7;2;1;2;4;3;1;2;1;1;1;2;3;10;1;2;1;2;7;4;1;1;1;1;4;1;4
1;3;8;1;1;4;3;1;1;1;9;1;1;1;1;1;2;1;5;1;1;1;4;2;3;2;1;1;1;1;1;11;2;1;3
2;8;1;1;5;3;1;8;3;1;1;1;1;6;10;1;2
1;2;1;1;2;2;1;1;5;3;5;2;1;1;1;9;3;1;5;2;6;5;3;2;1;1;2;7;6;2;7;4;9;6
1;1;5;1;1;1;2;3;2;1;2;1;10;1;3;1;1;1;2;1;1;3;1;3;5;12;1;5;5;2;4;3;6;3;4;2;13;2;2;1
3;1;1;6;1;1;1;1;8;1;1;1;1;1;2;3;5;3;2;3;1;5;4;4;1;5;7;1;5
2;1;1;2;4;3;15;5;1;1;2;2;1;1;1;1;1;1;7;1;1;7;1;2;12;6;1;1;1;1;1;1;1;1
7;1;3;5;2;2;1;1;5;2;2;1;5;9;9;3;2;7
4;1;3;1;3;1;1;4;6;1;2;9;1;16
8;2;1;1;5;4;4;1;1;1;1;6;2;1;4;5;2;1;1;13;2
2;9;3;2;9;5;1;8;1;3;1;2;2;14;5;4;1;3;9;7;1
4;3;1;1;3;4;1;4;1;19;1;2;1;4;1;8;6;4;1;1;1;2
1;1;1;4;1;8;1;3;1;1;5;8;1;17;3;5;3;13;1;4;3;5;5;5;1
8;1;1;4;1;8;10;5;1;2;1;2;1;1;10;10;12;1;1;5;1;2;1;5;3;3;2;7;7;1;1;18;1;1;5
1;7;3;7;1;11;5;6;11;10;1;6;2;1;1;2;1;1;3;13;2;16;2;2;2;1;3;4;8;2;4;5;14;17;1;4;3;4
9;6;3;12;17;9;3;3;3;2;4;1;6;19
8;1;1;1;2;9;10;1;1;7;1;1;1;19;10;1;1;2;15;1
2;18;2;1;6;1;7;2;1;2;14;4;3;1;3;7;3;1;2;3;15;1;3;6;4
8;2;3;1;1;4;1;2;2;2;2;2;2;4;1;1;11;1;4;1;1;3;12;1;4;1;1;3;1;3;5;1;2;10;1;2;2;2
3;1;3;5;3;5;2;3;1;4;1;2;3;5;1;2;1;1;2;1;19;6;1;1
8;1;14;6;2;1;3;3;2;2;5;1;5;1;1;1;1;1;8;3;7;2;1;6;6;19;2;3;1
1;1;1;19;2;6;2;1;2
1;3;1;2;19;8;15;1;8
3;4;2;1;3;1;1;1;3;3;1;1;1;1;1;2;2;1;2;3;1;1;3;19;5;4;4;1
4;5;1;1;1;1;1;1;2;5;1;1;4;1;1;1;9;7;4;19;5;1
1;2;4;1;2;19;3;1
1;4;3;19;1;1;4;2;1;1
1;8;19;1;7;10
3;19;4;1;8;5;1;3
8;3;1;1;3;7;2;7;6;1;3;1;3;6;1;6
1;3;1;1;3;13;1;2;3;2;2;2;3;2;8;5;6;2;1;8;1;7
1;1;2;5;1;2;6;2;2;2;1;3;7;2;7;5;2;2;2;4;7;6;2
2;1;4;2;1;1;1;2;1;7;7;1;2;2;1;2;5;1;12;2;5
3;1;1;1;1;5;12;2;1;1;1;2;6;5;1;3;3;3;8;2;1;2;7;5;1
11;5;1;1;2;1;2;6;19;1;1;1;1;12;1;7;7;3;1;2;1
2;3;5;1;1;4;1;8;10;2;1;2;15;2;4;3;15;8;1
1;1;1;2;9;2;6;1;6;1;3;2;1;4;4;4;1
5;5;3;5;4;1;1;2;3;1;2;7;1;1;8;3;1;7;8;16;8;3
3;1;2;3;3;1;2;1;3;9;4;5;2;2;11;1;1;1;1;1;1;2;5;4;11;3
16;5;1;8;3;5;8;4;2;14;1;1;1;2;1;2;1;3;1;3;1;1;6;1;1;1;2;1
1;2;2;1;5;2;1;2;1;11;7;3;3;2;2;3;1;2;2;1
1;2;2;2;1;2;1;1;3;1;6;3;1;1;5;1;1;4;5;2;1
2;1;3;5;5;2;1;2;1;1;4;1;3;2;4;1;12;1;1;1;3
6;1;1;11;8;5;2;13;4;1;2;1;10;1;2;2;4;2;3;2;5;1;1
7;1;2;5;1;7;12;1;1;2;5;3;1;3;10;1;5;2;2
1;1;1;2;1;1;1;8;1;2;4;1;4;10;3;6;7
16;2;10;1;1;12;15;7;7;2;2;13;1;1;2
1;1;4;5;2;1;2;2;3;3;1;2;5;2;3;1;1;3;1;18;2;1;6
10;3;1;1;1;15;1;1;2;2;6;2;1;5;13
10;1;2;17;2;1;2;1;2;7;9
11;5;1;1;7;1
1;3;2;1;1;3;3;1;2;10;1;6;6;3;1;1;6;3;1
4;2;1;2;1;4;9;1;1;1;1;10;1;3;2;4;4;2;11
1;1;1;1;12;2;1;2;1;2
1;6;1;2;3;1;1;10;16;1;1;8;1;2
1;3;1;8;16;1;1;2;1
7;2;4;1;8;7;19;8;1;2;8;5
3;1;1;4;1;5;1;1;18;1;1;1;2;1
10;1;1;10;2;7;7;1;6;2
3;1;8;1;1;1;1;11;1;6;4;3;6;5;9;11
1;1;2;1;1;2;2;7;6;2;3;7;4;1;3;2;7;7;4;7
2;1;4;3;10;5;12;5;1;1;6;1;5;5;8;2
4;1;2;10;3;6;3;1;2
3;1;2;1;7;2;1;1;4;1;4;4
2;2;3;2;1;3;1;1
2;1;2;1;1;3;2;2;5;1;9;1;3;4
6;1;3;1;4;6;1;12;1;12;4
2;2;4;1;2;1;3;1;4;2;6;4;2;4;2
4;9;2;1;4;2;2;2;1;3;8;1
4;6;1;2;1;1;2;3;7;2
1;4;6;2;14;6;3
1;3;1
1;2;1;2;1;2;1
4;1;3;8;3;10;5;1;8;3;1
12;1;4;1;14;9;8;9;2;7;2
1;8;5;5;2;10;5
1;1;3;2;1;11;1;6
2;8;1;4;2
1;1;1;1;13;2;1;4;10;7;2
1;2;3;3;1;5;4;5;1;9;2;2;1
14;1;10;5;6;4;1;4;3;4
1;8;11;7;4;2;10;3;1;2
10;2;1;2;2;1;11;2
1;1;11;4;1;7;2;3
1;15;1;10;5;4
1;2;1;2;9;1;3
1;1;12;3;17;1
2;2;1;2;1;5;4;6;2;3
3;2;1;1;3;1;3
1;1;1;1
None
None
None
2
None
None
1
3
None
None
None
None
None
None
None
None
None
None
None
None
None
None
None
None
None
None
None
None
None
None
None
None
None
None
None
None
None
None
None
None
None
None
None
None
None
None
None
None
None
None
None
None
None
None
None
None
None
None
None
None
None
None
None
None
None
None
None
None
None
None
None
None
None
None
None
None
None
None
None
None
None
None
8
10
1
1
None
2
1
None
None
None
2
3
None
1;6
4;14
8;1;4;2;17;2;3
2;1;1;1;2;1;19;1
3;4;2;8;1;8;5;2;8;2
3;5;1;2;10;1;1;2;3;3;1
17;3;16;2;4;1;1
2;1;1;1;1;1;12;4;11;1;1;4
1;3;1;1;17;3;9;8;1
1;5;1;2;13;13;8;1;1;2
5;5;1;1;7;2;1;1;1;1;1;1
8;3;2;1;6;1;9;4;3;8;2;4;1;3;4
4;1;5;4;1;3;1;1;7;1;9;1;3;1;2;2;5;1;1;2
1;1;6;7;3;2;1;12;2;4;4;1;1;2;4;1;4;5;2;1;3
1;1;4;1;2;6;5;2;1;10;6;5;2;1;2;3;5
8;7;6;9;1;2;2;7;2;1;6;2;1;1;3;7;4;1;8;2;2;7;3;5;6;2;2
10;6;8;2;9;1;10;1;1;14;1
1;4;1;3;1;10;1;8;14
7;9;1;2;1;19;9;1;16
8;3;2;13;3;1;19;6;3;3;10;1;18;2
4;3;5;4;6;1;11;6;1;14;5;3;1;1;7;1;2;1;9;15;2
1;1;2;5;5;8;1;8;3;1;2;1;6;5;2;3
12;8;7;2;7;1;2;2;12;7;1
1;7;1;3;3;2;2;1;3;3;6;6;6;2;4;2
1;1;8;8;1;1;3;2;3;1;1;7;2;3;7;2;1;1
2;1;2;6;4;5;1;3;5;1;1;2;5;1;1;5;3;1;1;2;1;1;1;6;1;1;1;7;1;1;3
1;3;1;2;1;3;1;4;1;3;2;2;2;13;7;2;1;2;3;1;2;3;2;1;1;13;3;1;2;5;1;1
9;8;1;2;1;14;7;12;4;6;10;3;4;8;4
10;11;1;1;5;6;11;17;9;1;11;5;2;2;7;1;8
2;11;5;11;1;4;14;1;1;8;4;2;2;1;2;10;5;8
1;1;1;1;9;1;6;1;1;4;2;2;2;1;4;1;2;1;1;5;3;1;1;2;1;5;1
1;7;1;10;9;2;1;3;1;7;2;2;1;4;6;4;5
2;16;3;1;3;2;2;13;3;5;1;1;3;1
2;10;1;1;4;13;2;2;1;6;1;4;1;3;3;1;1;2;1;3;4;2;9;1;1;5;8;1
9;1;12;1;13;14;1;1;7;16;1;9;5;5
7;7;15;1;1;2;14;1;4;17;3;1;17;11
1;1;9;1;1;16;2;6;2;13;1;1;1;1;8;1;1;1;2;1;2;6;2;1;1;1;5
4;15;1;1;1;19;7;12;5;6;3;1;3;2;1;1;1;1;1;3;1;1
1;2;2;1;1;8;4;3;1;5;1;1;2;1;1;1;1;14;3;1;1;1;3;2;1;1;7;1;1;1;1;1;2;1;2;1;1;1;9;1;3;1;4;6;1;1;1;4;1
1;3;2;6;4;1;4;1;2;1;2;4;4;14;1;2;5;3;4;1;1;1;1;1;3;3;3;1;2;2;1;1;11;7;1;13;1;3;1
10;1;5;4;1;5;1;4;5;9;1;3;1;3;3;4;2;3;2;10;1;1;1;7;1;10;2;3;1;1
14;2;8;10;2;1;2;2;4;7;1;1;3;3;1;1;2;1;3;3;1;8;1;3;2;7;2;2;2;5;5;3
1;7;6;3;8;4;1;1;1;2;1;1;6;1;7;2;6;4;3;2;3;6;6;4;3;1;3;1;7;1;2;2;3
5;2;7;1;1;4;1;14;10;1;1;7;7;3;3;1;9;2;1;4;3;2;1;1
8;1;2;5;5;2;2;1;1;2;1;1;2;6;1;1;5;2;1;9;1;5;1;2;1;1;2;3;1
1;8;1;2;10;1;4;2;9;2;5;1;1;2;2;1;2;1;2;2;2;2;2;1;1;2;2;2;10;2;9;4;1;2;2;2;1;3;3;3;1;1;1;2;2;1;1;9;4;1;4;1;8;2;3;1;5;3;1;1;1;1;1;1;1;1;1;3;8;1;1;2;2;2;1;2
1;2;2;4;3;5;5;11;1;2;1;6;1;10;2;1;2;1;1;2;2;1;2;5;2;1;2;5;1;1;1;1;3;6;6;2;2;5;2;1;4;2;6;1;3;3;2;1;3;1;1;1;1
4;1;1;1;1;6;1;5;3;2;1;10;3;4;3;3;4;12;4
3;3;1;2;1;1;1;1;10;2;1;10;1;4;1;3;1;2;4;3;1;1
4;7;4;1;1;3;1;1;4;2;18;1;12;1;1;2;2;7;2;2;3;1
5;10;4;3;7;5;1;1;2;15;6;1;1;3;2;1;8;4;1;3;10;6;3;1;8;3;1;7;2;8;1
3;5;5;1;4;2;2;5;1;2;1;1;1;2;2;4;8;1;2;3;4;9;5;2;4;14;2;1;2;1;3;2;1;15;1;1;9;3;10;13;2;3
2;5;13;2;3;2;3;2;8;13;1;1;15;1;5;16;2;4;2;1;1;4;1;11;7;3;7;4;1;3;16;8;5;7;1;16;15;1
1;9;2;2;3;1;1;3;4;6;8;1;4;1;1;1;8;1;2;1;1;1;3;2;8;5;3;1;12;1;2;1;1;1;1;1;2;1;2;1;1;2;12;1;1;7;1;2;1;10;1;3;1;1;1;4;3
12;7;11;1;1;9;1;1;1;6;7;3;3;3;2;1;7;15;2;5;2;1;2;1;1;6;3;13;1;5;1;3;1;2;1
8;8;3;3;10;3;3;7;2;2;12;3;1;1;1;1;2;3;1;9;1;4;1;5;1;1;13;3;1;5;12;11;1;3;7;4
3;1;11;1;1;1;2;1;1;11;1;8;3;1;4;1;2;2;1;2;3;1;4;1;6;1;2;1;1;2;2;1;1;7;2;1;1;7;4;5;3;3
6;4;1;1;1;1;2;7;1;3;1;2;1;4;1;1;4;1;1;1;1;1;1;1;1;1;2;16;7;1;2;2;1;6;1;1;1;1;1;3
9;5;5;1;10;2;2;6;3;1;2;2;1;2;6;4;2;4;2;1;2;2;1;12;2;1;1;1;2;1
5;1;1;3;1;3;2;5;1;6;8;1;5;7;3;3;3;7;1;11;1;1;1;3;4;2;3;2;2;6
2;1;1;1;1;1;1;1;1;1;2;1;2;1;1;3;1;2;1;1;4;3;1;1;2;1;6;1;1;3;1;1;2;3;5;2;1;2;1;2;3;1
2;1;1;1;10;8;3;2;1;2;1;3;2;3;2;1;3;2;2;5;1;1;3;1;1;1;1;1;1;1;2;2;3;2;1;1;1;1;1;4
1;2;5;8;2;3;4;1;1;4;3;1;1;2;1;1;1;1;9;6;1;3;1;5;1;12;1
1;1;4;10;1;1;1;1;1;1;2;4;1;1;1;6;8;12;2;1;4;8;1;2;9
1;7;2;5;17;1;4;5;4;2;1;2;5;1;3;1;1;11;1;2;2;1;3;10;1;1;1
1;13;2;4;16;6;1;1;1;5;1;1;1;3;1;1;2;9;1;1;6;5;9
2;2;2;7;1;2;6;2;1;1;3;1;4;4;2;4;1;1;2;1;1;6;1;1;1;1;4;14;7;1;4
1;2;1;2;2;1;1;2;16;5;6;2;1;2;2;2;2;6;9;3;2
2;4;19;5;9;1;2;2;1;1
2;5;1;2;1;1;18;4;4;2;1;1
6;4;1;1;1;2;2;13;15;1;2;1;6;1;2;1;1
7;11;1;1;2;2;6;14;1;1;5;1;2;10
1;2;4;4;1;4;1;1;16;2;12;1;1;2;1;8
2;8;11;10;5;3;1;13;1;9;1;2;1;2;8;6
5;1;2;2;1;1;14;3;3;5;1;1;1;7;4;1;7;1;1;6;1;4;1;1;1;1;5;1;1;1;2;2;6;2;9;4;1;12;1;2;4;5;4;1;3;1
2;1;5;2;4;3;1;1;2;7;1;2;1;1;2;5;1;12;1;5;2;2;8;1;1;5;2;1;2;2;1;3;11;1;1;6
2;1;2;1;5;1;1;5;1;1;1;1;1;1;4;1;14;1;7;2;1;4;2;3;1;1;2;5;1
19;1;2;4;3;3;3;2;5;1;3;11;2;1
18;1;1;2;5;6;3;1;5;1;3;9;6;1;2
3;3;3;1;1;1;1;1;1;9;2;11;4;6;5
1;4;1;1;2;1;1;1;13;1;1;1;2;1
3;1;2;6;2;7;1;1
1;1;2;14;1;1;3;5;2;1
11;2;8;17;2;9;6;8
5;1;1;1;1;1;3;2;7;4;1;8;3;1;2;3;8;2;9
2;1;2;3;2;8;3;3;1;1;3
5;2;1;2;1;1;1;2;4;3;1;2;1
5;2;2;3;1;2;1;4;2;1;1;1;1;1
1;2;5;2;2;2;4;1;2
1;2;2;3;1;2;7;1;15;1;5;1;1
11;1;1;1;1;10;2;9;1;8;1;8;6;1;2;1;1;11;1
1;2;11;2;5;3;3;1;1;2;2;1;1;3;2;1;2;1;3;1;8;2;3
2;10;1;3;4;5;1;8;2;2
1;1;1;1;1;1;2;1;1;1;1;1;1;1;3;6;1;1;6;1;1;1;1;4
2;3;1;7;6;4;6;7;1;4;3
2;4;7;12;1;1;8;18;1;3;13
1;1;2;5;1;2;11;13;3;2;15;7;1;2;1;1;13;1
2;1;1;1;1;3;15;1;1;7;13;2;2;5;5;1;13;5
4;6;1;2;5;1;1;13;1;1;7;2;2;1;16
3;1;1;18;3
4;7;5;16;1
1;2;2;1;3;3;10;1;3;1;1;3;2;1;5;1;13
3;1;1;1;3;12;1;1;4;1;1;1;1;5;1
2;11;3;1;3;2;1;1;7;2;3;1;4
3;2;1;2;2;2;17;1;1;2;1;1;3;2;1;1;5
3;2;1;1;6;12;2;3;8;6;1;11;5
7;1;1;1;1;1;9;1;2;2;4;3;5
2;1;14;1;3;1;3;1;1;5;4;4
1;2;1;3;5;2;5;9;1;1;11;3;5;4;6
1;3;2;1;1;2;3;6;4;3;4;3;3;2;14;1
1;1;1;1;2;3;1;3;1;12;1;1
4;1;7;2;1;1;1;4;2;5;1;4;4;1;2;10;4;7
2;4;1;1;1;5;2;6;12;6;1
2;1;2;3;11;3;4;4;2;2;1;1;1
2;2;1;2;1;3;1;1;2;1;3;1;2;1;2;1;2;7;1;4
2;4;6;1;1;1;6;6
2;1;5;4;3;1;15;3;1
1;1;2;7;1;2;1;1;1;1
1;1;1;2;1;2
2;1;3;1;1
5;2;2;2;1
2;8;1;1;4;1
4;1;1;5;5
1;2;1;1;13;8
4;4;2
1;4;1;2
13;1
1;5;7;1;1;1
1;1;2;1;4
1
1;1;1
1;1;6;1;1;3
4;1
1;1;5
5;3
13;4;1;11
10;7;1;1;9
1;9;2;1
1;11;1;4;6
1;1;1;2;2;1;1;5
3;8;4;11;2
1;2;1;2;2
3;1;1
3;1
2
3;1;3
5;2;2;3;1;1;1;1;13
9;8;1
1;12;1;4
None
5
2
None
1
None
5;1;1;3
7;5;3;3
11;8;8;2
1;1;3;1;5;1
10;5;1;7;4
2;2;1;5;8;1
3
6
1;9
1
11;5;6
2;3;2
None
None
None
4
None
None
None
None
None
None
None
None
None
None
None
None
None
None
1
None
None
None
None
None
None
None
None
None
None
None
None
None
None
4
8
1;1;5
9
6;2
1;6
1
1
None
None
None
1
9
2
4
None
None
None
None
None
None
None
None
None
None
None
1
3
11;3;2;3;1
3;2;1;1;1;9;18
3;2;6;2;3;15
2;2;5;3;2;9;2
3;1;2
1;1
None
None
3
2
None
7;1
1;19;4;1
19;1;1;10
1;3;3;1;2;1;1;1;9;1;19;4
1;1;1;1;1;2;1;5;1;6;3;19;9
2;1;2;2;2;2;2;1;19;1;1
5;5;6;1;1;1;1;2;1;5;4
1;6;7;1;1;1;1;2;3;5;13;1;3
8;16;1;3;1;3;4;7;2;2;4;17;2;2;1
16;1;19;19;3;14;3;2;2;18;3;2;1
7;1;11;1;14;15;13;12;2
1;1;1;13;1;15;1;2;2;12;2;2;2
5;2;14;19;11;1;8;2;13
1;1;2;1;5;1;7;3;2;14;1
8;1;8;1;4;2;1;1;1;6;1;1;7;3;5;1
14;15;5;1;2;7;1;4;2;3;17;1;5;2
13;2;1;2;10;3;6;1;1;4;2;6;9;2;9;13;2;1;4
4;8;4;1;3;5;4;2;1;13;1;5;1;4;2;4;8;10
4;2;3;1;8;9;2;2;1;1;1;9;8;1
4;1;13;2;2;8;8;6;7;5
2;1;1;4;3;7;12;5;8
12;6;1;12;14;2;16;16;3
16;11;1;1;18;17;2;19;14
7;4;3;9;3;1;2;1;3;3;19;1;7;2;6
2;2;6;3;1;1;1;1;1;7;6;2;5;2;2;4;3;1;4;6;2;2;1;1;5;1
2;1;2;7;3;6;4;15;1;2;3;5;5;2;14
1;1;1;2;1;2;3;5;3;1;1;1;5;10;1;3;2;1;1;1;3;9;3;4;1;4;5;1;2;13;8;6;19
1;1;4;5;4;1;4;1;4;1;8;9;10;1;9;2;17;19;9
9;1;2;3;8;18;1;5;1;13;1;1;1;7;2;5;1;15
3;1;1;4;19;14;6;3;14;16;1;6;1;18
5;3;4;1;1;2;1;1;2;2;6;2;4;18;2;5;2;5;19
5;3;1;7;15;5;4;1;8;1;10;5;2;19;18
1;6;6;1;1;7;1;1;1;7;5;11;1;1;12;4;9;9;2;18;4;1
1;1;4;1;2;2;1;1;5;4;6;3;2;3;2;1;1;7;4;1;1;4;16;1;1;3;1;6;7;1;1;3;2;1;2;5;2;1;1;3
3;1;7;1;1;1;7;2;1;2;1;1;9;6;6;1;1;3;15;6;1;1;1;13;2;1;4;1;1;2;1;1;1;1;1;2;2;1;1
2;10;1;18;2;1;1;5;1;4;4;9;2;3;10;19;1;2;2;1;17;3;1;1;1;3;1
2;3;1;1;1;11;2;2;12;9;14;1;1;5;1;1;4;1;1;5;2;12;1;2;1;3;5;4;3;1;1;2
1;2;3;2;1;4;1;8;3;16;1;1;4;2;4;3;4;4;3;5;1;1;2;8;1;5;1;2;1;1;3;1;2
5;7;1;4;1;8;15;3;3;1;3;1;1;2;2;4;2;2;1;12
5;1;9;1;4;1;6;1;13;1;1;1;2;2;8;1;4;6;3;6;1;8;2;3;1;1;1;5
2;1;3;9;17;10;1;1;3;1;3;3;3;2;7;1;1;1;1;1
2;4;10;6;7;12;3;2;4;10;1;3;1;3;2;2;2;13;1;1;1;1;1;1;4;2;2;1
2;6;1;1;6;8;1;14;2;3;8;19;4;1;5;2;8;15;1;4;3;1;4;1;2;1;1;2;1;2;1;1;2;1;1;2;2;2;12;1;9;1
1;1;3;4;9;18;1;7;1;3;4;3;1;15;15;1;1;6;1;16;2;1;1;2;16;7;1
2;5;1;1;1;1;1;2;5;14;1;2;5;13;1;13;1;14;1;2;2;2;2;3;9;11;1;1;3;3;1;14;1;6
1;2;1;1;1;4;1;14;2;1;3;10;2;2;2;4;9;2;1;3;2;1;1;3;2;6;1;18;3;11;3;1;8;1;1;1;1;1;2;12;1;1;2;2;1;7;1;2;2;5
13;1;9;1;1;2;1;2;9;1;1;3;1;3;1;2;1;1;1;9;1;5;11;18;1;2;1;1;3;7;1;2
1;1;4;1;16;1;2;4;5;2;1;1;8;3;10;1;1;1;2;6;14;1;1;3;2;9;5;1;2;2;2;2
1;1;2;4;1;2;1;4;2;4;1;1;7;1;1;2;1;2;4;6;2;2;1;2;3;1;1;1;1;2;2
2;1;7;3;9;4;1;7;1;4;1;1;4;1;1;5;1;4;3;1;1;1;3;3;1;3;2
2;1;5;1;6;11;4;6;3;1;1;2;1;11;1;8;2;9;1;1;1;1;10;1;2;2
1;1;6;1;1;1;1;2;9;2;1;8;1;6;3;3;1;4;1;18;1;3;1;1
4;3;1;7;2;1;1;6;6;1;1;1;1;2;4;4;3;1;2;1;6;1;2;1;11;2
1;1;9;7;2;1;2;5;7;1;2;1;8;2;8;1;1;1
3;1;7;1;1;1;2;2;2;2;5;15;4;1;2;1;5;1;5;1;1;1
1;2;2;2;3;1;2;1;1;3;9;1;1;6;3;1;1;2;1;2;1;3;17;4;1;2;1;1;3;1;8;1;5;1
1;1;3;1;1;1;4;1;1;3;1;19;1;16;1;10;2;3;2;8;1;7;2;5;1;1;5;1;3
1;1;2;6;3;4;1;3;1;2;8;2;1;18;2;1;3;1;1;1;1;1;4;1;2;1;1;2;1;1;3;6;9
7;3;1;2;8;1;3;4;3;1;1;1;2;5;3;7;14;1;1;3;2;2;1;3;6
6;2;9;2;3;2;1;1;1;2;2;3;1;1;1;2;3;1;3;2;6;7;1;1;6;1;1;1;3;7;3
7;1;2;1;5;3;1;6;2;8;2;3;1;1;7;6;1;4;6;2;16;9;2;2;2;1;11;11;1;1;3;3;1;1;2;1;4;9;5;1;2;11;2
1;1;1;3;5;1;5;2;6;1;1;6;6;17;1;1;6
1;1;5;1;1;1;1;3;15;5;2;4;2;1;2;3;7;4;7;8;1
1;2;10;5;13;2;7;1;10;12;1;1;1;1;5
4;3;5;7;2;2;9;5;5;17
14;13;1;2;1;5;1;6;6;6;4;4;7;11;1;1
2;2;3;2;2;2;2;1;2;18;5;6;2;9;1;2;2;9;4;3;4
2;1;3;1;4;1;2;1;1;1;2;4;6;2;7;4;2;3;2;8;7;8;2;2;1;3
1;8;2;4;1;1;1;5;1;1;2;1;5;15;1;3
12;2;1;1;5;2;5;13;3
1;4;18;11;1;8;1;1;1;6;10;1;3
2;2;4;2;1;1;1;5;2;4;2;1;8;1;1;3;1;2;2;3;3;2;7;1;4;1;1;6;1
2;4;1;1;6;1;6;1;1;1;3;1;1;7;1;2;11;9
1;1;2;4;3;6;1;2;5;2;1;3;4;3;7;15;1;1;1
2;8;8;2;11;4;2;1;1;3;2;3;2;1;1;5;13;3;8;10;2
2;2;1;1;1;4;1;3;9;1;5;2;3;4;1;1;2;5;3;3;5;1;5;4;1;2;1;3;1;2;2;1;2;5;2;1;1;2;8;5;7;14
1;1;2;1;6;1;1;4;1;2;15;1;2;1;2;2;4;1;1;1;1;1;1;6;1;2;5;1;8;3
4;3;2;1;3;1;2;1;1;2;2;18;5
3;9;4;5;8;14;8
1;2;1;2;1;2;1;1;7;1;1;2;1;2;1;3;1;8;2;3;3;1;1;1;1;1;1;1
1;3;1;1;3;3;2
5;1;1;1;2;1;2
1;1;1;1;4
4;1;1;1;3
2;3;2;4
1;2;8;2;4;8;5
1;2;2;1;1;2;6;5;1
5;6;4;1;1;3;2;1;1;4;1;2;1
1;1;4;1;8;1;1
1;1;1;4;2;3;2
3;2;2;3;1;1;1;1;3
9;1;1;1;2;1;2;2;2
12;1;2;14;1;1;2;11
1;1;14;1;3;9;1
2;1;5;2;1;1;1
4;1;3
1;1;1;1
1;1;2;7;4;3;6;1;3;1;3;4;1;4
2;1;1;2;4;1
5;2;1;4;3;1
1;2;4;9;1;3;2;3;5
4;1;2;1;8;9;2;16
2;3;5;2;1;8;6;15;1;1;2
3;1;3;3;1;2;4;5;1;1
3;1;1;3;1;1;9;2
4;2;1;6;6;1;5;2;1
1;4;2;3;1;6;5;1
2;2
3;2;1;1;1;2;9;3
2;2;1;1;3;1;1
3;1;1;5;2
2;1;1;2;5
2;2;1
1;7;1
1;2;1
9;3;1
19;4;2;6;1
1;6;1;1;1;2
2;7;4;1;3;3;2
1;3;10;1
1;2;2;2;3;1
3;11;1;1;2
1;2
2;1;2
1;2;3;4;1
None
None
None
1
4
None
1;1
3;1
3;2;6;1
1;1
1
6;3
1;2;1
1;2;1
1;1
1;11
8
5
1
3
1;1
1
None
1
None
2
1
8
5
1
None
1
None
None
None
4;1;1
1;6
3;3
8;4
3;3
2;1;2
7;2;4
None
None
None
None
2
None
None
None
None
None
1
None
None
None
None
None
None
None
None
None
None
None
None
1
None
None
None
None
None
None
None
1;2
None
None
None
None
None
None
None
None
None
None
None
None
None
1
1;2
2
None
None
None
None
None
None
None
None
None
None
None
None
2;1
None
5;4
4;2
None
None
None
None
None
None
None
2
1
2;3
3;8
1;2;3
1;1;8;4;1;1;3;3;2
1;4;7;1;1;1;1;1;2
8;4;3;2;2;1;5;1
1;1;5;1;3;15;2;1;3;4;1;1;1;1
1;5;2;7;11;9;6;10;2
1;3;14;9;1;2;1;1;1;3;7;1;1
3;9;1;19;18;2;8;8;7;1
3;1;3;7;5;10;11;7;3;1;1
1;1;2;1;3;2;2;1;10;6;1;2;7;1;1
2;8;1;3;1;2;13;1;1;8;3
7;1;1;4;2;7;1;3;2;2;2;15;12;1;15
7;1;19;1;3;7;6;8
2;1;2;2;1;1;1;1;7;5;3;1;6;1;16;2;4;2;5;3
4;2;1;5;6;1;2;3;7;4;11;18;12;1;2
2;1;7;16;2;1;16;1;3;14;2;1;8;3;1
3;2;1;5;1;12;1;3;12;11;10;1;4
1;1;1;2;2;2;3;2;2;5;5;1;14;1;2
1;1;1;1;2;4;1;7;2;1;5;4;1;1;6;1;1;1
3;3;1;1;11;1;1;1;1;1;3;1;3;1;2;12;1;6;1;1;11;14;1
1;3;1;1;10;5;7;14;2;1;1
11;4;1;2;2;1;8;2;3;3;18;1;4;9;3;2;11
19;1;2;1;1;4;17;2;4;2;12;2;6;6;2;2;1;13
1;9;4;4;12;1;6;3;12;6;6;3;10
2;2;1;16;2;2;1;1;1;16;1;1;1;3;4;1;1;1;4;3;2;13
3;7;1;4;1;18;1;15;2;3;8;3;14;1;4;6;1;6;1;3
2;12;1;1;1;2;12;2;8;8;5;1;8;1;5;3;5;2;2;4;12;2;6;1;5;11;1;1
1;1;9;1;1;9;3;2;13;1;4;4;2;1;6;5;2;3;4;1;8;5;9;3;5;5;6;8;9;1;1
3;3;4;3;12;8;1;1;10;7;4;16;3;8;3;2;4
3;6;18;17;3;5;2;9;16;13;1;16
1;1;3;19;16;1;2;7;1;1;7;15;1;1;3;7;11;3
6;5;1;1;1;1;3;1;5;3;5;1;6;4;1;6;3;2;4;13;6;2;3;1;1;2;2;1;8
9;4;7;2;9;1;1;3;1;1;6;3;1;4;1;1;12;1;1;1;1;16
3;3;5;1;3;2;1;2;1;1;8;1;2;2;1;13;1;1;2;5;11;1;3
3;1;1;3;2;1;1;1;1;2;1;1;1;1;1;2;6;1;1;10;5;1;1;1;1;1;1;3;8
1;4;1;1;1;1;10;3;3;2;4;3;1;7;14;1;1;9;1;1;2
2;2;1;1;5;4;7;1;9;1;2;7;13;17;5;4;1
1;4;2;2;1;3;1;1;10;1;1;1;8;1;5;1;3;1;2;2;2;5;1;14;3;4;2;1;1;1;5;1;2;11;5;8
8;7;2;2;1;1;1;1;2;2;1;4;1;4;1;1;16;1;5;1;2;1;2;2;6;2;1;4;2;2;1;10
1;13;2;4;1;1;6;1;6;1;5;1;3;12;5;4;1;2;2;1;2;3;2;4;2
7;1;2;10;8;1;3;9;2;5;2;1;9;1;6;10;6;3;4
5;7;2;5;13;11;1;2;10;1;3;7;2;6;1;3;7;6;13;4;1
7;15;2;1;6;2;3;12;1;4;4;1;1;3;1;2;7;1;4;1;12;1;1;11;2;1;1;1;1
6;5;1;1;11;1;3;7;2;1;1;7;1;8;2;1;1;1;2;3;1;9;1;7;1;3;3;1;1;1;2;1;1;9;1;4;1;2;10;1;1;2;3;1;9;18;1;4;1;2;1;1;5;1;3;4;7;1;9;8;1;3;1;1;6;1;6;1;1;3
1;1;3;1;2;1;1;3;2;1;5;1;1;1;1;2;1;1;1;5;1;8;12;1;3;3;2;1;6;2;2;1;5;2;2;1;3;3;1;2;1;2;1;9
10;3;1;1;1;1;1;2;4;5;5;3;8;12;2;12;3;1;1;1;3;2;1;2;1;1;4;2;2;4;17;1;1;3
1;2;3;4;2;1;1;4;2;3;1;2;2;1;1;2;6;4;5;2;1;1;1;1;2;3;4;12;5;6;9;2;1;2;6;2;5;7;1;1;1;6;5;2;3;5
1;3;3;3;5;2;3;4;4;1;1;2;2;1;5;1;5;2;2;1;1;3;1;1;3;1;1;2;2;1;3;8;1;12;1;1;1;3;1;2;1;2;2;2;1;1;6;4;7;2
10;18;1;1;1;1;3;1;2;1;1;1;1;1;13;1;1;1;1;3;10;2;1;4;12;10
11;1;14;1;1;3;1;11;10;2;3;1;5;17;5;13;1;11;13;2;9;11;5;10;1
2;13;9;4;5;4;4;11;1;6;13;9;15;3;4;5;1
15;2;1;1;1;12;19;9;4;1;15;1;19;1;4;3;3;2;10;1;4;2;3
3;1;4;4;17;1;17;5;3;2;2;2;1;2;1;1;2;1;1;2;1
1;1;17;1;1;1;1;3;17;1;1;11;1;1;2;9
3;12;1;1;1;1;1;2;1;1;1;2;1;1;2;3
4;4;3;8;6;1;2;4;8;6;6;5;4;2;5;7;3;8;5;3;4;1;10;2;2;2;6;10;9
2;4;1;7;1;4;1;3;1;9;1;3;1;1;1;15;1;1;1;6;1;1;2;5;1;1;4;3;1;4;1;5;2;4;4;3;1;3;1;7;2;1
5;1;6;2;2;1;5;1;3;4;3;2;1;1;7;2;2;1;6;4;3;6;5;7;5;1;4
5;1;2;2;1;1;1;1;2;3;1;2;1;11;1;1;1;3;1;2;1;1;1;4;1;4;5;2;8;2;1
1;1;2;1;2;3;4;1;3;4;2;11;1;1;1;1;4;2;2;4;3;3;12;1;2;1;2;1;4;1;2;1;1;1;2;2;1;3;9;10;5;1;2;2
1;2;1;6;1;2;1;6;4;3;1;5;6;1;3;1;4;1;5;3;8;2;1;2;2;4;1;2;2;3;2;1;4;7;1;1;3
1;3;1;1;1;1;1;13;4;2;1;1;1;2;7;6;4;4;2;3;1;2;1;2;1;2;5;1;2;2;6;1;6;1
10;2;5;7;2;16;7;3;1;1;1;12;5;1;1;1;1;5;2;1;2;2;7;3;2;1
4;1;1;1;19;4;1;1;5;1;1;6;1;1;6;1;1;6;2;1;2;2;1;1;1
6;2;3;12;1;3;1;5;1;4;3;2;3;3;4;1;3;1
5;2;2;4;11;1;1;5;3;2;1;10;1;1;1;2;7;2;1;1;3;1;2;9;14;1;1;2
1;1;3;2;3;1;1;2;17;3;1;16;2;1;1;1;2;5
2;5;7;1;3;1;4;1;10;19;1;1;2
1;2;4;2;11;2
