(14, 30)
(14, 15);(14, 21);(14, 30)
(10, 15);(10, 21);(15, 21);(14, 15)
(10, 15);(10, 21);(14, 15)
None
(13, 21)
(2, 36)
(2, 36);(14, 21)
(2, 5);(4, 36);(2, 36)
(2, 36)
(4, 6)
(4, 6);(0, 19);(4, 36);(2, 4);(0, 16);(2, 36)
(2, 18);(4, 36);(7, 16);(4, 22);(18, 30);(5, 36);(16, 36);(2, 30);(19, 36);(16, 22);(2, 16);(16, 30);(4, 16);(7, 36);(0, 5);(7, 22);(2, 36);(5, 7);(22, 36);(9, 12);(30, 36);(4, 30);(19, 30);(22, 30)
(2, 7);(0, 22);(4, 36);(4, 12);(5, 9);(2, 30);(2, 4);(22, 36);(2, 22);(0, 5);(4, 22);(14, 21);(7, 22);(2, 36);(9, 12);(12, 30)
(4, 36);(9, 22);(22, 36);(12, 30);(14, 21);(5, 22);(2, 5);(4, 22)
(2, 7);(4, 9);(9, 36);(4, 36);(22, 36);(2, 22);(0, 5);(12, 30);(14, 21);(2, 5);(2, 36);(4, 22)
(2, 7);(2, 16);(14, 21);(2, 9);(4, 16);(12, 30);(9, 36);(30, 36);(2, 36);(7, 9)
(13, 22);(13, 17);(14, 21)
(5, 10);(0, 13);(5, 7);(9, 22);(5, 13);(13, 17);(14, 21)
(18, 23);(14, 21)
(14, 21)
(14, 21)
(14, 17);(0, 21);(0, 14);(5, 21);(14, 21);(18, 21)
(14, 17);(0, 21);(13, 14);(5, 13);(5, 21);(14, 21);(18, 21);(13, 21);(0, 23)
(13, 14);(22, 23);(13, 21);(14, 21)
(5, 18);(18, 46);(22, 23);(7, 18)
(5, 7);(22, 23);(13, 14);(18, 46);(22, 46);(18, 39);(10, 21);(10, 14);(5, 21);(14, 21);(18, 22);(18, 21);(13, 21)
(13, 14);(18, 46);(10, 14);(22, 23);(13, 21)
(0, 21);(18, 46);(17, 21);(10, 21);(10, 14);(0, 5);(14, 21);(22, 23);(13, 21)
(0, 22);(22, 23);(10, 21);(10, 14);(0, 5);(14, 21);(5, 22)
(0, 22);(22, 23);(0, 14);(22, 46);(0, 5);(14, 21);(5, 22)
(0, 21);(14, 48);(21, 22);(14, 45);(22, 46);(14, 21);(22, 23);(14, 22)
(13, 46);(17, 21);(13, 21);(14, 45)
(13, 46);(13, 14);(10, 15);(13, 48);(14, 45)
(22, 23);(15, 21);(14, 45);(10, 15);(10, 21);(13, 48)
(18, 23);(10, 14);(14, 48);(13, 48);(10, 15);(10, 21);(10, 46);(14, 15);(14, 45);(7, 54)
(10, 14);(14, 15);(10, 17);(13, 48);(20, 22)
(18, 22);(22, 23);(13, 46);(13, 48);(10, 15);(14, 15);(18, 20)
(18, 23);(7, 46);(18, 22);(0, 15);(10, 15);(0, 10);(7, 54)
(18, 23);(7, 46);(18, 22);(10, 13);(13, 14);(13, 15);(15, 21);(13, 21);(10, 15);(10, 21);(14, 21);(18, 20)
(18, 23);(13, 15);(22, 23);(13, 14);(10, 13);(15, 21);(18, 20);(10, 15);(20, 21);(10, 21);(10, 14);(14, 21);(18, 22);(13, 21)
(22, 23);(15, 21);(17, 21);(10, 21);(10, 14);(14, 21)
(0, 22);(22, 23);(15, 21);(10, 18);(17, 21);(10, 21);(0, 35);(0, 23);(15, 17)
(0, 22);(0, 23)
(10, 14);(14, 15);(14, 21);(7, 50)
(20, 23);(18, 22);(18, 35);(21, 22);(23, 54);(15, 21);(7, 50);(14, 15);(14, 21)
(10, 46);(20, 23);(18, 22);(22, 23);(20, 54);(0, 15);(23, 54);(15, 21);(0, 10);(0, 18);(7, 50);(14, 18);(23, 37);(22, 37);(15, 18);(20, 37);(18, 35);(0, 7);(14, 21);(20, 22)
(20, 23);(18, 54);(22, 23);(20, 22);(35, 45);(15, 21);(10, 15);(10, 21);(10, 14);(0, 10);(22, 43)
(17, 50);(20, 23);(22, 23);(20, 22);(10, 49);(35, 45);(15, 21);(17, 21);(10, 21);(22, 50);(23, 50)
(11, 17);(35, 45);(8, 21);(20, 22);(15, 17)
(11, 17);(22, 23);(20, 22);(10, 17);(35, 45);(8, 21);(10, 21);(22, 50);(11, 21);(20, 50);(23, 50)
(8, 14);(20, 23);(18, 22);(22, 23);(14, 21);(10, 17);(8, 21);(10, 21);(11, 14)
(7, 20);(8, 14);(23, 37);(20, 22);(23, 51);(20, 46);(15, 21);(8, 21);(22, 48);(22, 46);(10, 21);(10, 14);(14, 21);(7, 23)
(10, 14);(22, 23);(10, 17);(15, 21);(22, 46);(22, 51);(17, 21);(10, 21);(35, 41);(14, 21);(20, 46)
(23, 51);(18, 22);(20, 22);(10, 17);(10, 21);(35, 41);(14, 15);(14, 21);(20, 46);(10, 14)
(23, 51);(22, 51);(18, 22);(15, 21);(10, 15);(10, 21);(10, 14);(14, 21);(14, 46)
(18, 23);(23, 51);(14, 17);(18, 22);(22, 23);(20, 22);(10, 17);(18, 46);(20, 23);(35, 53);(17, 21);(10, 21);(10, 14);(22, 40);(14, 21);(18, 50);(22, 46)
(18, 23);(20, 23);(18, 54);(22, 23);(20, 22);(20, 53);(18, 46);(7, 39);(35, 53);(10, 15);(15, 21);(23, 46);(18, 22);(7, 37);(14, 21);(22, 46);(18, 20);(22, 56)
(18, 23);(20, 23);(18, 22);(22, 23);(20, 22);(7, 50);(21, 35);(18, 20)
(18, 23);(22, 35);(18, 22);(22, 23);(20, 22);(7, 51)
(18, 23);(22, 35);(20, 23);(18, 22);(22, 23);(20, 22);(7, 22);(18, 20);(7, 20)
(18, 23);(18, 22);(18, 20)
(18, 23);(20, 23);(18, 22);(18, 20)
(22, 35);(18, 23);(18, 22);(22, 23);(20, 22);(18, 20)
(7, 20);(22, 35);(20, 23);(22, 23);(20, 22);(20, 35);(18, 46);(7, 23)
(20, 23);(23, 48);(20, 22);(18, 41);(7, 22);(20, 48)
(22, 46);(20, 23);(23, 45);(35, 53);(18, 50)
(20, 23);(18, 22);(20, 53);(22, 46);(23, 53);(7, 22)
(7, 46);(22, 54);(20, 23);(22, 46);(7, 22);(18, 20)
(18, 23);(7, 35);(20, 23);(22, 54);(35, 43);(22, 37);(23, 55);(20, 55);(7, 22)
(20, 55);(20, 23);(22, 37);(23, 55);(22, 51);(7, 51);(35, 43);(7, 22)
(20, 23);(22, 23);(20, 22);(20, 40);(23, 40);(35, 43);(22, 51);(20, 50);(7, 43);(7, 22);(20, 49)
(20, 23);(22, 56);(23, 43);(23, 40);(35, 43);(23, 35);(7, 56);(20, 40);(7, 22)
(22, 23);(22, 56);(23, 43);(35, 43);(23, 35);(7, 22);(20, 22)
(23, 43);(22, 23);(22, 41);(7, 56);(35, 43)
(7, 22);(22, 23);(22, 41);(20, 22);(46, 54)
(7, 56);(22, 23);(35, 53)
(35, 55);(7, 22);(22, 23)
(35, 48)
(7, 22);(22, 23)
None
None
(20, 22)
None
(20, 22)
(20, 22)
None
None
None
(31, 33)
(31, 33)
(31, 33)
(31, 33)
None
(33, 40);(31, 33)
(33, 50);(33, 40);(31, 33)
(31, 55);(31, 33)
(33, 41);(33, 55)
(33, 53);(31, 53);(31, 33)
(33, 56);(31, 56);(31, 33)
(31, 51);(33, 51);(31, 33)
(31, 51);(37, 51);(33, 51);(33, 37);(31, 33)
(33, 43);(31, 33)
(33, 42);(33, 43);(33, 54);(31, 33)
(33, 37);(33, 54);(31, 33)
(33, 54);(33, 45);(31, 46);(33, 46);(31, 54);(31, 45);(31, 33)
(31, 46);(33, 46);(31, 33)
(33, 48);(31, 33)
None
None
None
(31, 33)
None
None
None
None
(31, 33)
None
None
None
None
None
None
None
(31, 33)
None
None
None
None
None
(31, 41)
(31, 41)
None
None
None
None
None
None
None
None
None
None
None
None
(31, 43);(31, 37);(31, 48)
None
None
None
None
None
None
None
None
None
None
None
None
None
None
None
None
(33, 48)
(33, 48);(31, 48);(31, 33)
(33, 54);(31, 54);(33, 46);(31, 33)
(33, 37);(33, 43);(31, 33)
(33, 43)
(31, 43);(33, 43);(31, 33)
(33, 53);(33, 56);(31, 53);(31, 33)
(33, 55);(31, 33)
(33, 50);(31, 33);(33, 55)
(33, 50);(31, 33)
(33, 50);(31, 33)
(33, 50);(31, 33)
(31, 50)
(31, 50)
None
(4, 33)
(4, 5);(5, 16);(5, 19)
(4, 5);(16, 19)
(4, 5);(16, 19)
(6, 36);(5, 36);(5, 16);(4, 5);(19, 36);(5, 6);(16, 19)
(5, 6);(5, 36);(4, 48)
(6, 19);(4, 50);(5, 36);(19, 36);(4, 16)
(6, 36);(5, 36);(6, 39);(4, 6);(4, 16);(4, 26);(5, 26);(26, 36);(16, 19);(6, 26);(6, 48)
(5, 36);(4, 36);(6, 39);(4, 6);(4, 5);(26, 54);(6, 53);(4, 26);(5, 26);(26, 36);(16, 19);(6, 48)
(6, 51);(19, 31);(5, 36);(26, 54);(16, 36);(5, 6);(36, 50);(6, 36);(4, 36);(6, 41);(4, 26);(6, 50);(5, 26);(26, 36);(36, 40);(16, 19);(26, 46);(6, 49);(6, 56)
(5, 36);(26, 46);(26, 54);(5, 50);(4, 26);(16, 19);(6, 26);(6, 16)
(16, 49);(5, 36);(26, 46);(36, 40);(5, 6);(36, 50);(26, 54);(5, 50);(4, 26);(19, 43)
(5, 36);(5, 6);(36, 50);(19, 26);(5, 50);(4, 26);(26, 43);(5, 40);(19, 43);(4, 43);(19, 53)
(5, 36);(5, 16);(16, 36);(36, 50);(5, 50);(26, 53);(4, 26);(26, 43);(4, 43);(19, 53)
(16, 49);(5, 36);(4, 5);(36, 50);(5, 50);(16, 55);(4, 26);(26, 43);(6, 26);(4, 43);(19, 53)
(5, 36);(19, 41);(4, 6);(26, 55);(36, 50);(5, 50);(4, 16);(4, 26);(6, 55);(16, 26);(26, 49);(6, 26);(6, 16);(16, 42)
(26, 47);(5, 36);(19, 41);(4, 6);(46, 54);(4, 26);(36, 50);(5, 50);(4, 46);(5, 56);(6, 46);(26, 40);(16, 26);(6, 55);(26, 36);(26, 49);(5, 26);(6, 26);(6, 16);(26, 50)
(5, 36);(19, 41);(4, 5);(4, 16);(4, 36);(19, 36);(36, 39);(5, 51);(4, 26);(5, 26);(16, 26);(4, 56);(26, 48);(26, 45);(6, 26);(16, 45);(6, 46)
(6, 51);(26, 53);(19, 41);(4, 6);(5, 16);(4, 26);(5, 6);(26, 51);(19, 26);(5, 36);(19, 36);(36, 39);(26, 41);(4, 36);(4, 5);(26, 37);(5, 26);(16, 26);(16, 19);(6, 26);(16, 45)
(6, 19);(5, 36);(16, 48);(4, 6);(5, 6);(19, 26);(5, 39);(36, 39);(4, 16);(4, 26);(16, 47);(6, 26);(6, 16);(26, 49)
(6, 51);(5, 6);(5, 36);(4, 36);(4, 6);(5, 16);(16, 36);(4, 5);(5, 39);(6, 53);(4, 16);(26, 40);(6, 26);(16, 48);(16, 26);(26, 49);(4, 26);(5, 54);(36, 54);(4, 54);(26, 50)
(5, 36);(16, 48);(4, 6);(4, 36);(4, 26);(36, 54);(5, 54);(6, 26);(16, 39);(4, 54)
(6, 36);(5, 36);(4, 6);(0, 26);(14, 16);(4, 5);(0, 19);(0, 4);(4, 46);(36, 46);(5, 14);(0, 6);(0, 16);(5, 26);(4, 54);(4, 26);(5, 54);(16, 41);(6, 26);(46, 54)
(5, 46);(5, 36);(4, 6);(0, 14);(36, 46);(0, 26);(5, 14);(4, 26);(10, 14);(0, 5);(0, 4);(16, 19);(6, 26);(46, 54)
(10, 11);(5, 37);(36, 37);(21, 28);(36, 46);(10, 21);(16, 21);(11, 14);(4, 26);(5, 54);(5, 36);(16, 36);(19, 21);(5, 46);(28, 32);(6, 26);(4, 6);(0, 26);(5, 16);(10, 16);(0, 6);(10, 14);(14, 21)
(10, 11);(5, 37);(21, 28);(26, 28);(10, 21);(0, 16);(16, 21);(5, 36);(0, 32);(4, 26);(4, 28);(6, 40);(6, 50);(36, 54);(28, 32);(16, 19);(6, 26);(4, 6);(36, 51);(21, 32);(26, 55);(5, 51);(0, 6);(10, 14);(14, 21)
(5, 36);(0, 32);(6, 40);(36, 51);(26, 55);(0, 14);(5, 51);(10, 21);(0, 16);(14, 21);(10, 26);(10, 32);(16, 19);(0, 28);(4, 6)
(5, 36);(6, 50);(6, 40);(0, 15);(26, 55);(0, 14);(10, 17);(15, 21);(5, 51);(10, 15);(17, 21);(10, 21);(1, 3);(14, 15);(26, 49);(10, 32);(16, 19);(4, 6)
(5, 36);(6, 50);(4, 6);(0, 15);(26, 55);(0, 14);(28, 55);(26, 28);(5, 56);(10, 21);(14, 15);(36, 56);(10, 32);(6, 26);(6, 40)
(5, 36);(6, 50);(4, 6);(26, 55);(4, 50);(26, 28);(4, 26);(10, 21);(14, 15);(16, 26);(0, 14);(26, 36);(26, 45);(6, 26);(16, 45);(6, 40)
(5, 36);(4, 28);(6, 40);(0, 14);(26, 28);(16, 28);(4, 26);(10, 21);(14, 15);(16, 26);(26, 45);(4, 16);(16, 45);(16, 19);(28, 56)
(6, 19);(5, 36);(4, 28);(11, 15);(10, 21);(14, 15);(16, 26);(19, 54);(4, 56);(26, 48);(26, 45);(19, 53);(16, 45);(28, 56)
(28, 36);(36, 41);(0, 15);(0, 14);(15, 21);(0, 10);(36, 46);(0, 32);(10, 21);(19, 41);(26, 43);(16, 26);(5, 54);(10, 32);(19, 36);(14, 15);(5, 28);(26, 45);(28, 56)
(1, 3);(10, 11);(11, 14);(10, 17);(28, 32);(10, 21);(5, 26);(0, 10);(5, 32);(5, 54);(5, 36);(0, 32);(0, 15);(16, 36);(26, 32);(26, 36);(11, 15);(26, 45);(28, 56);(4, 16);(16, 26);(11, 21);(10, 32);(6, 26);(16, 45);(11, 17);(4, 6);(4, 26);(10, 14);(15, 40);(14, 21);(26, 48)
(26, 47);(1, 3);(11, 21);(10, 15);(10, 21);(19, 41);(16, 21);(11, 14);(0, 28);(0, 54);(0, 16);(28, 56);(6, 51);(21, 26);(0, 51);(4, 14);(4, 16);(4, 21);(14, 15);(16, 26);(26, 42);(3, 26);(6, 26);(16, 45);(0, 26);(4, 6);(4, 50);(15, 21);(4, 26);(10, 14);(14, 21);(0, 46);(17, 26);(11, 15)
(6, 51);(19, 41);(21, 26);(14, 16);(4, 51);(4, 6);(0, 46);(4, 14);(4, 16);(1, 3);(16, 21);(16, 26);(1, 28);(26, 48);(11, 15);(26, 45);(6, 14);(16, 45);(21, 45);(28, 56)
(6, 51);(0, 48);(5, 36);(1, 3);(21, 26);(4, 6);(0, 15);(11, 15);(0, 14);(28, 32);(14, 39);(0, 39);(1, 15);(19, 41);(16, 26);(16, 48);(26, 48);(26, 45);(0, 26);(0, 16);(28, 56)
(1, 3);(10, 11);(0, 47);(36, 37);(6, 28);(4, 36);(26, 28);(1, 15);(10, 21);(0, 16);(16, 21);(0, 10);(5, 32);(0, 28);(6, 36);(5, 36);(10, 54);(0, 21);(3, 36);(3, 10);(5, 6);(0, 11);(1, 28);(26, 45);(6, 51);(21, 26);(21, 48);(4, 5);(14, 39);(37, 51);(3, 19);(28, 32);(3, 21);(16, 45);(10, 28);(4, 6);(16, 48);(5, 10);(0, 26);(6, 26);(28, 54);(3, 6);(0, 6);(0, 48);(0, 42);(26, 48);(16, 26)
(1, 3);(5, 6);(6, 28);(19, 26);(26, 28);(16, 28);(10, 15);(10, 21);(14, 26);(16, 21);(0, 10);(5, 26);(10, 26);(19, 28);(0, 32);(0, 15);(16, 36);(6, 10);(3, 43);(26, 36);(19, 54);(26, 45);(21, 28);(28, 46);(21, 26);(21, 48);(37, 51);(5, 46);(14, 15);(16, 26);(26, 42);(16, 19);(5, 19);(26, 51);(10, 28);(5, 16);(6, 26);(10, 16);(15, 21);(28, 54);(3, 53);(4, 26);(10, 14);(0, 42);(14, 21);(26, 48);(1, 43);(6, 16);(6, 46)
(16, 49);(1, 3);(10, 42);(36, 46);(3, 43);(10, 15);(10, 21);(21, 42);(3, 14);(0, 32);(4, 46);(4, 16);(5, 46);(14, 15);(16, 26);(6, 26);(19, 53);(4, 6);(15, 21);(28, 54);(4, 26);(10, 14);(14, 21)
(16, 49);(1, 3);(0, 53);(36, 46);(6, 21);(10, 21);(0, 10);(0, 43);(0, 21);(3, 10);(21, 34);(1, 51);(3, 51);(14, 34);(37, 51);(5, 46);(28, 32);(0, 41);(10, 32);(6, 26);(19, 53);(15, 21);(28, 54);(0, 6);(10, 14);(14, 21)
(16, 49);(11, 16);(1, 3);(4, 36);(36, 46);(16, 28);(0, 49);(0, 43);(5, 26);(1, 41);(0, 28);(10, 49);(4, 46);(0, 11);(3, 41);(3, 51);(14, 34);(26, 36);(4, 28);(5, 46);(28, 32);(19, 53);(26, 46);(0, 26);(10, 16);(15, 21);(28, 54);(4, 26);(14, 21);(21, 43);(16, 21)
(1, 3);(4, 41);(1, 26);(19, 26);(36, 46);(0, 49);(10, 21);(16, 21);(0, 28);(26, 53);(0, 21);(16, 32);(1, 5);(1, 16);(19, 53);(21, 41);(0, 11);(3, 41);(1, 41);(3, 16);(14, 34);(5, 36);(1, 4);(5, 46);(3, 19);(46, 54);(28, 50);(26, 46);(16, 41);(4, 26);(26, 43);(4, 21);(5, 26)
(1, 3);(21, 28);(10, 21);(0, 16);(16, 21);(15, 26);(0, 28);(21, 46);(5, 36);(16, 36);(4, 46);(0, 17);(1, 5);(16, 32);(3, 14);(26, 45);(14, 34);(19, 21);(21, 26);(4, 16);(5, 46);(5, 21);(5, 34);(28, 50);(5, 16);(3, 32);(4, 15);(15, 21);(5, 14);(4, 26);(4, 21);(26, 48);(15, 16)
(3, 15);(1, 3);(3, 21);(11, 49);(16, 21);(0, 10);(5, 26);(15, 26);(10, 34);(21, 46);(5, 14);(26, 53);(16, 36);(11, 55);(16, 32);(26, 45);(14, 34);(19, 43);(19, 21);(21, 26);(15, 34);(4, 5);(3, 45);(4, 14);(4, 16);(0, 16);(16, 48);(14, 15);(5, 21);(16, 46);(10, 32);(16, 19);(16, 45);(15, 46);(14, 16);(28, 50);(26, 46);(5, 10);(10, 36);(5, 16);(10, 16);(15, 21);(15, 28);(4, 26);(21, 36);(14, 26);(26, 43);(26, 48);(5, 36);(16, 26)
(11, 49);(19, 26);(26, 28);(6, 26);(5, 26);(0, 10);(14, 46);(5, 54);(15, 26);(17, 21);(5, 36);(0, 32);(16, 36);(4, 37);(21, 34);(26, 36);(15, 46);(14, 34);(34, 36);(15, 34);(26, 53);(4, 16);(0, 5);(16, 26);(10, 32);(3, 26);(10, 54);(28, 50);(5, 10);(10, 36);(5, 16);(4, 26);(10, 14);(26, 43);(14, 21);(14, 15);(15, 16)
(5, 36);(11, 49);(14, 21);(5, 16);(5, 32);(16, 32);(4, 46);(16, 34);(5, 54);(6, 26);(10, 14);(0, 5);(3, 6);(14, 46);(1, 3);(3, 26);(14, 34);(0, 16);(19, 53)
(1, 3);(4, 55);(0, 16);(5, 32);(0, 26);(21, 46);(5, 36);(1, 55);(3, 55);(0, 4);(14, 34);(15, 34);(14, 15);(0, 5);(5, 21);(28, 32);(6, 26);(19, 53);(28, 50);(14, 16);(5, 16);(15, 21);(5, 51);(4, 26);(11, 49);(49, 55);(16, 46);(3, 4)
(19, 41);(4, 55);(11, 49);(16, 21);(14, 46);(34, 46);(5, 36);(4, 26);(26, 32);(0, 4);(1, 3);(14, 34);(21, 45);(3, 53);(28, 49);(49, 55);(28, 53);(4, 28);(4, 53);(6, 26);(1, 53);(0, 26);(5, 51);(0, 6);(3, 55)
(1, 3);(3, 39);(28, 55);(14, 46);(26, 28);(3, 21);(10, 15);(19, 41);(16, 21);(0, 10);(11, 14);(10, 26);(34, 46);(10, 34);(0, 32);(3, 10);(21, 34);(14, 34);(21, 47);(21, 42);(4, 28);(28, 49);(11, 21);(4, 49);(37, 51);(14, 15);(16, 26);(5, 51);(16, 19);(6, 26);(1, 53);(15, 21);(3, 53);(4, 26);(10, 14);(14, 21);(49, 55);(11, 15);(15, 16);(6, 16);(3, 46)
(1, 21);(39, 46);(21, 47);(6, 39);(6, 28);(26, 28);(3, 21);(10, 15);(1, 47);(6, 14);(21, 46);(5, 36);(16, 32);(6, 55);(14, 34);(19, 21);(4, 28);(3, 11);(11, 21);(16, 19);(6, 26);(4, 6);(36, 51);(26, 55);(5, 51);(4, 26);(6, 34);(21, 43);(3, 39);(6, 16);(6, 46)
(1, 3);(5, 6);(6, 28);(19, 26);(28, 32);(26, 28);(5, 26);(6, 54);(1, 47);(5, 36);(4, 19);(16, 36);(21, 34);(16, 32);(0, 14);(14, 34);(4, 28);(21, 26);(4, 5);(10, 19);(1, 4);(4, 36);(0, 5);(16, 26);(11, 21);(6, 26);(10, 28);(4, 50);(5, 10);(4, 6);(26, 55);(0, 46);(5, 51);(5, 14);(4, 26);(21, 36);(14, 21);(21, 43);(6, 16);(10, 16)
(11, 16);(4, 51);(5, 6);(10, 32);(10, 15);(0, 16);(16, 21);(0, 10);(6, 54);(0, 28);(11, 48);(5, 36);(0, 32);(14, 37);(14, 51);(6, 10);(21, 48);(4, 34);(14, 34);(4, 14);(37, 51);(5, 46);(16, 48);(0, 5);(11, 21);(34, 51);(5, 28);(6, 26);(10, 28);(28, 50);(26, 46);(5, 10);(14, 36);(32, 36);(5, 26);(6, 46)
(11, 16);(15, 27);(5, 6);(28, 32);(0, 16);(16, 21);(6, 36);(5, 36);(21, 53);(21, 48);(14, 34);(19, 21);(4, 5);(37, 51);(0, 5);(16, 26);(11, 21);(10, 32);(6, 26);(10, 28);(16, 48);(4, 6);(5, 16);(6, 34);(14, 21);(16, 46);(6, 16);(6, 46)
(5, 6);(28, 32);(0, 16);(5, 26);(0, 36);(5, 36);(0, 32);(21, 53);(21, 27);(21, 34);(14, 27);(11, 27);(14, 34);(26, 36);(6, 51);(4, 5);(11, 21);(5, 34);(28, 50);(26, 46);(4, 6);(5, 51);(16, 27);(6, 34);(14, 21);(11, 53);(6, 16)
(0, 27);(4, 51);(6, 28);(16, 21);(11, 21);(0, 50);(0, 16);(5, 26);(4, 56);(5, 36);(0, 32);(4, 26);(11, 34);(19, 36);(6, 32);(26, 36);(14, 34);(32, 34);(6, 51);(21, 26);(15, 34);(14, 15);(16, 26);(28, 32);(6, 26);(5, 34);(0, 26);(26, 56);(26, 27);(4, 6);(5, 16);(15, 21);(0, 6);(16, 27);(6, 34);(6, 56);(0, 5);(5, 21)
(6, 28);(19, 26);(11, 21);(11, 28);(0, 16);(16, 21);(0, 10);(0, 36);(15, 47);(0, 28);(5, 36);(0, 32);(0, 21);(5, 49);(6, 10);(21, 34);(0, 50);(0, 4);(14, 34);(36, 50);(19, 21);(15, 34);(5, 50);(14, 15);(16, 26);(28, 32);(5, 28);(6, 26);(5, 34);(28, 50);(5, 10);(4, 6);(16, 34);(26, 34);(6, 56)
(28, 37);(5, 36);(19, 41);(4, 6);(15, 34);(21, 41);(5, 6);(36, 50);(5, 50);(16, 34);(4, 16);(10, 15);(0, 6);(14, 15);(11, 21);(0, 5);(6, 46)
(11, 16);(28, 37);(21, 28);(28, 32);(10, 15);(26, 53);(26, 32);(11, 34);(21, 34);(4, 46);(5, 56);(19, 43);(26, 47);(4, 5);(26, 54);(5, 36);(4, 16);(14, 15);(16, 26);(6, 45);(11, 21);(6, 26);(26, 46);(4, 6);(16, 34);(32, 34);(5, 14);(4, 26);(10, 14);(14, 21);(36, 56);(16, 46);(6, 16);(6, 46)
(4, 51);(5, 6);(6, 28);(19, 26);(28, 32);(36, 46);(16, 28);(10, 21);(5, 26);(5, 32);(26, 39);(10, 34);(5, 36);(0, 21);(26, 32);(16, 36);(28, 42);(4, 16);(6, 32);(5, 56);(4, 10);(4, 28);(26, 53);(26, 28);(16, 26);(11, 21);(5, 28);(6, 26);(19, 53);(6, 19);(26, 46);(5, 16);(15, 21);(6, 53);(4, 26);(10, 14);(14, 21);(36, 56);(16, 46);(4, 32)
(19, 41);(0, 36);(36, 46);(36, 48);(26, 40);(26, 49);(10, 26);(10, 34);(5, 36);(6, 50);(0, 21);(26, 32);(21, 34);(14, 34);(4, 10);(4, 49);(11, 21);(6, 26);(19, 53);(6, 19);(28, 36);(4, 6);(5, 16);(26, 55);(4, 50);(15, 21);(4, 26);(32, 36);(16, 46)
(11, 16);(21, 55);(36, 46);(36, 48);(16, 21);(5, 54);(5, 36);(6, 50);(21, 34);(16, 55);(32, 38);(16, 32);(4, 34);(21, 26);(15, 34);(32, 50);(5, 46);(36, 54);(11, 21);(10, 32);(5, 28);(6, 26);(10, 36);(5, 10);(4, 6);(4, 50);(15, 21);(16, 34);(4, 26);(6, 34);(10, 16);(11, 15);(16, 46);(16, 26)
(5, 36);(34, 38);(5, 10);(4, 6);(5, 6);(19, 26);(15, 21);(10, 15);(4, 26);(10, 21);(16, 32);(16, 21);(16, 26);(11, 21);(5, 54);(10, 11);(28, 32);(6, 26)
(5, 36);(34, 38);(4, 6);(36, 51);(16, 36);(16, 28);(6, 28);(5, 51);(4, 26);(4, 28);(5, 16);(11, 21);(5, 54);(6, 26)
(5, 36);(6, 18);(4, 12);(16, 32);(5, 16);(16, 36);(4, 5);(12, 26);(4, 36);(5, 18);(16, 55);(4, 26);(21, 36);(34, 38);(16, 21);(5, 21);(11, 21);(4, 21);(18, 21);(6, 26);(16, 18)
(11, 16);(5, 36);(34, 38);(11, 36);(5, 16);(16, 36);(11, 21);(12, 26);(12, 18);(5, 11);(12, 51);(4, 16);(15, 21);(4, 26);(4, 12);(16, 26);(4, 18);(6, 12);(12, 28);(6, 26);(16, 18)
(5, 6);(10, 21);(5, 26);(6, 36);(5, 36);(4, 26);(10, 18);(26, 36);(18, 53);(12, 28);(15, 34);(5, 11);(18, 46);(4, 16);(16, 36);(16, 26);(6, 26);(5, 16);(15, 21);(11, 32);(17, 21);(6, 16)
(18, 55);(5, 6);(17, 29);(5, 26);(6, 36);(17, 21);(6, 10);(21, 34);(18, 49);(10, 18);(29, 34);(26, 36);(11, 18);(12, 28);(15, 34);(4, 16);(15, 29);(16, 26);(18, 50);(10, 32);(6, 26);(5, 16);(21, 29);(4, 26);(6, 16)
(10, 17);(21, 34);(26, 28);(18, 26);(4, 12);(5, 26);(0, 10);(12, 16);(5, 28);(17, 28);(16, 36);(5, 12);(19, 36);(0, 17);(29, 34);(26, 36);(12, 28);(16, 18);(4, 28);(15, 34);(4, 5);(17, 32);(4, 16);(15, 29);(16, 26);(16, 19);(16, 28);(5, 16);(12, 26);(15, 21);(4, 17);(21, 29);(12, 19);(4, 26);(12, 36)
(4, 12);(10, 17);(5, 6);(17, 29);(4, 36);(26, 28);(16, 28);(6, 26);(12, 36);(5, 26);(0, 10);(12, 16);(16, 17);(6, 36);(0, 32);(5, 12);(5, 18);(4, 46);(29, 34);(26, 36);(6, 28);(12, 28);(4, 28);(4, 5);(4, 16);(12, 18);(16, 26);(6, 12);(5, 28);(18, 26);(4, 6);(5, 16);(12, 26);(21, 29);(4, 26);(0, 16);(10, 29);(6, 16)
(5, 36);(0, 32);(5, 16);(12, 26);(26, 28);(18, 26);(4, 26);(6, 26);(0, 16);(29, 34);(4, 28);(6, 28);(6, 12);(12, 28)
(5, 36);(0, 32);(0, 5);(36, 51);(5, 16);(21, 29);(12, 26);(15, 21);(21, 34);(26, 28);(18, 26);(12, 18);(15, 29);(0, 16);(29, 34);(4, 28);(4, 26);(6, 12);(12, 28);(0, 36)
(6, 28);(26, 28);(4, 12);(0, 28);(5, 36);(0, 21);(4, 26);(5, 18);(29, 34);(0, 4);(12, 28);(4, 28);(0, 12);(0, 5);(11, 21);(6, 12);(6, 26);(4, 6);(16, 48);(0, 26);(12, 26);(21, 29);(0, 6);(0, 16);(32, 36)
(6, 28);(28, 32);(26, 28);(16, 28);(4, 12);(16, 21);(2, 12);(5, 32);(12, 16);(2, 5);(2, 26);(16, 43);(4, 26);(5, 12);(6, 32);(0, 4);(12, 28);(16, 18);(5, 36);(18, 36);(12, 18);(11, 21);(6, 12);(5, 28);(6, 26);(16, 45);(2, 36);(28, 36);(4, 6);(5, 16);(12, 26);(16, 36);(21, 29);(11, 29);(0, 6);(12, 36);(32, 36);(6, 16)
(5, 6);(12, 16);(26, 28);(12, 36);(5, 32);(4, 26);(2, 5);(5, 36);(16, 36);(5, 12);(5, 25);(16, 32);(12, 28);(4, 28);(0, 12);(0, 5);(5, 28);(6, 26);(28, 36);(4, 6);(11, 29);(32, 49);(0, 6);(2, 25)
(26, 28);(16, 28);(12, 36);(5, 26);(5, 32);(0, 36);(2, 26);(0, 32);(26, 32);(16, 32);(26, 36);(4, 24);(0, 28);(4, 28);(24, 28);(0, 25);(5, 24);(24, 26);(16, 26);(0, 12);(0, 26);(12, 28);(2, 28);(5, 16);(12, 26);(11, 29);(4, 26);(0, 16);(5, 40)
(18, 32);(26, 32);(18, 36);(11, 29);(2, 23);(0, 16);(16, 26);(12, 26);(16, 25)
(12, 15);(0, 26);(0, 25);(12, 26);(11, 29);(2, 23);(0, 16);(28, 32);(0, 12)
(15, 32);(24, 26);(4, 12);(5, 26);(23, 26);(2, 5);(5, 23);(2, 26);(0, 32);(0, 15);(32, 51);(5, 18);(12, 24);(2, 23);(4, 24);(0, 2);(5, 24);(26, 28);(2, 32);(23, 24);(0, 26);(5, 16);(12, 26);(11, 29);(4, 26);(0, 16);(15, 51);(2, 4)
(4, 12);(5, 32);(12, 16);(2, 5);(16, 24);(18, 23);(0, 32);(5, 12);(5, 18);(12, 24);(16, 32);(16, 18);(2, 16);(18, 24);(16, 23);(2, 32);(23, 24);(5, 16);(12, 26);(11, 29);(4, 26);(12, 23)
(15, 32);(23, 55);(12, 24);(23, 32);(12, 23);(11, 29);(12, 55);(15, 17)
(2, 28);(12, 24);(12, 50);(11, 29);(2, 25);(23, 38);(17, 27);(12, 23);(23, 50);(24, 50)
(32, 44);(12, 50);(11, 29);(2, 25);(12, 23);(12, 24)
(24, 50);(11, 29);(12, 50);(2, 25);(12, 23);(12, 24);(23, 24);(23, 50)
(12, 53);(23, 53);(23, 24);(15, 32);(12, 38);(12, 24);(10, 15);(11, 29);(29, 34);(12, 43);(12, 23);(17, 27);(24, 53);(10, 29);(23, 50);(10, 34)
(10, 15);(24, 46);(25, 32);(21, 34);(12, 24);(29, 34);(12, 28);(15, 34);(2, 32);(15, 29);(11, 21);(10, 32);(23, 24);(12, 53);(12, 46);(15, 21);(21, 29);(29, 32);(11, 29);(23, 46);(2, 15);(12, 23)
(18, 55);(11, 21);(15, 32);(10, 15);(24, 46);(21, 34);(12, 24);(29, 34);(12, 48);(23, 39);(21, 52);(15, 25);(24, 48);(15, 29);(18, 50);(10, 32);(23, 24);(12, 46);(21, 29);(23, 46);(2, 25);(2, 15);(12, 23)
(15, 27);(21, 52);(12, 28);(15, 21);(17, 28);(10, 17);(17, 21);(24, 53);(18, 46);(21, 34);(21, 29);(15, 34);(23, 53);(29, 34);(18, 28);(18, 41);(18, 50);(11, 52);(17, 27);(23, 24);(15, 17)
(15, 44);(10, 11);(10, 21);(10, 25);(18, 45);(21, 34);(29, 34);(12, 48);(32, 34);(18, 46);(21, 23);(12, 25);(15, 29);(23, 53);(11, 21);(21, 44);(24, 53);(21, 32);(15, 21);(21, 29);(29, 32);(34, 55);(17, 21);(29, 55);(2, 25)
(15, 44);(29, 38);(29, 55);(34, 38);(10, 17);(17, 28);(24, 43);(12, 23);(15, 21);(10, 12);(2, 10);(24, 41);(12, 41);(29, 34);(28, 32);(21, 44);(12, 24);(23, 24);(10, 28);(25, 29);(25, 55)
(15, 44);(23, 51);(24, 51);(15, 34);(21, 32);(2, 50);(23, 28);(21, 29);(15, 21);(21, 34);(10, 12);(12, 24);(29, 34);(25, 52);(11, 21);(21, 44);(12, 28);(23, 24);(25, 55)
(15, 21);(25, 41);(11, 21);(12, 44);(29, 44);(12, 51);(12, 24);(18, 29);(2, 54);(29, 34);(28, 32);(12, 29);(25, 32);(12, 28);(23, 24);(12, 23);(25, 28)
(15, 44);(28, 29);(12, 51);(29, 44);(12, 24);(15, 47);(10, 34);(24, 51);(10, 18);(11, 18);(12, 28);(21, 52);(24, 28);(12, 18);(15, 29);(23, 24);(25, 41);(17, 52);(15, 28);(17, 21);(12, 23);(28, 44)
(10, 17);(12, 32);(28, 29);(2, 12);(10, 34);(12, 44);(10, 12);(12, 24);(0, 17);(12, 28);(2, 39);(21, 52);(2, 10);(12, 18);(15, 29);(28, 32);(12, 29);(10, 32);(23, 24);(18, 32);(12, 15);(2, 28);(17, 52);(15, 28);(17, 21);(0, 10)
(10, 17);(12, 32);(32, 44);(0, 10);(0, 32);(12, 44);(0, 17);(29, 34);(15, 18);(12, 28);(0, 29);(2, 39);(21, 52);(15, 34);(18, 46);(0, 12);(2, 32);(25, 43);(18, 28);(28, 32);(2, 24);(18, 21);(23, 24);(2, 28);(12, 18);(11, 29);(2, 15);(28, 44)
(18, 32);(21, 52);(0, 32);(18, 29);(25, 45);(18, 21);(21, 28);(21, 29);(28, 29);(12, 24);(17, 21);(10, 21);(25, 43);(29, 55);(18, 28);(28, 32);(28, 52);(23, 24);(18, 52);(0, 28)
(28, 52);(21, 52);(0, 32);(2, 51);(28, 32);(21, 32);(0, 54);(23, 28);(21, 28);(12, 48);(12, 24);(10, 21);(34, 38);(18, 28);(11, 21);(10, 32);(18, 21);(12, 28);(23, 24);(12, 23);(12, 46)
(0, 54);(2, 29);(12, 52);(2, 51);(29, 55);(21, 34);(11, 34);(10, 21);(0, 18);(11, 29);(11, 55);(0, 11);(28, 52);(29, 34);(11, 21);(25, 29);(12, 28);(11, 12);(0, 34);(0, 23);(10, 34)
(10, 11);(24, 50);(11, 28);(10, 21);(2, 12);(10, 34);(2, 38);(21, 34);(12, 24);(2, 23);(11, 55);(11, 46);(12, 28);(12, 23);(2, 32);(11, 21);(2, 24);(23, 38);(25, 41);(2, 28);(21, 29);(11, 29);(10, 29)
(25, 48);(2, 28);(18, 28);(12, 45);(12, 38);(21, 29);(12, 24);(2, 23);(0, 18);(24, 45);(29, 34);(2, 12);(23, 46);(2, 24);(12, 23);(23, 45);(23, 24);(23, 38);(0, 28)
(18, 23);(2, 28);(2, 18);(12, 45);(11, 12);(21, 34);(21, 29);(12, 24);(23, 46);(12, 46);(24, 45);(2, 12);(29, 34);(12, 23);(23, 45);(23, 24);(0, 28)
(12, 46);(17, 21);(23, 24);(2, 28);(28, 32);(21, 29);(12, 24);(24, 46);(23, 46);(29, 34);(17, 29);(12, 23);(11, 12);(0, 2);(0, 28)
(0, 27);(12, 32);(10, 15);(10, 21);(0, 10);(0, 32);(0, 24);(21, 34);(12, 24);(29, 34);(15, 34);(0, 25);(15, 29);(28, 32);(23, 24);(12, 23);(0, 23);(12, 46);(15, 21);(21, 29);(11, 32);(2, 38);(10, 29)
(2, 38);(10, 11);(0, 25);(0, 29);(21, 34);(21, 29);(10, 18);(10, 15);(15, 29);(29, 34);(28, 32);(0, 21);(10, 29);(12, 28);(23, 24)
(10, 11);(17, 28);(0, 15);(21, 29);(15, 29);(0, 21);(12, 17);(21, 32);(29, 34);(12, 28);(23, 24)
(10, 11);(21, 29);(15, 29);(2, 25);(23, 24);(23, 39)
(18, 23);(10, 11);(21, 32);(2, 32);(12, 25);(18, 24);(2, 21);(15, 21);(21, 34);(21, 29);(12, 24);(12, 18);(10, 21);(0, 10);(0, 21);(10, 29);(23, 24);(12, 23);(0, 23)
(18, 23);(21, 25);(21, 52);(15, 34);(21, 32);(2, 32);(18, 24);(2, 21);(21, 23);(12, 25);(2, 10);(12, 18);(10, 21);(11, 29);(12, 17);(12, 23);(12, 24);(23, 24);(17, 21)
(21, 32);(2, 32);(11, 34);(21, 29);(11, 29);(17, 21);(15, 29);(29, 34);(2, 10);(23, 24)
(18, 23);(10, 11);(18, 24);(15, 21);(10, 21);(12, 24);(2, 23);(29, 44);(29, 34);(0, 11);(2, 24);(12, 23);(24, 32);(23, 24)
(10, 11);(0, 11);(0, 12);(29, 44);(29, 34);(12, 23);(12, 24);(23, 24);(0, 23)
(21, 25);(0, 21);(2, 21);(0, 11);(12, 24);(29, 44);(29, 34);(34, 44);(2, 25);(11, 21);(12, 23);(23, 24)
(15, 44);(21, 25);(15, 21);(15, 34);(23, 29);(12, 24);(2, 23);(15, 29);(29, 34);(34, 44);(11, 21);(12, 23);(23, 24);(12, 54)
(15, 44);(15, 34);(0, 15);(12, 24);(29, 44);(15, 29);(29, 34);(2, 25);(11, 21);(12, 54)
(15, 44);(15, 34);(21, 29);(11, 34);(15, 21);(21, 34);(0, 11);(12, 24);(29, 44);(15, 29);(29, 34);(2, 25);(11, 21);(12, 23);(11, 29);(12, 54)
(15, 21);(10, 11);(10, 17);(11, 15);(11, 34);(18, 46);(21, 34);(21, 29);(12, 24);(10, 21);(15, 29);(29, 34);(10, 29);(2, 25);(11, 21);(24, 54);(12, 23);(11, 29);(23, 24);(12, 54)
(15, 21);(10, 11);(15, 34);(2, 50);(18, 46);(21, 34);(21, 29);(11, 29);(10, 15);(17, 21);(10, 21);(15, 29);(29, 34);(11, 21);(10, 29);(23, 24)
(2, 38);(2, 50);(12, 38);(18, 46);(21, 29);(12, 24);(2, 12);(25, 53);(23, 24)
(23, 51);(24, 51);(2, 51);(23, 43);(18, 46);(2, 23);(10, 21);(2, 25);(25, 53);(2, 24);(23, 24);(23, 25)
(10, 15);(10, 17);(12, 50);(2, 23);(17, 21);(10, 21);(2, 24);(25, 41)
(23, 51);(24, 51);(12, 52);(15, 24);(10, 17);(25, 45);(12, 38);(12, 24);(12, 18);(14, 21);(18, 50);(25, 53);(12, 23);(23, 24)
(18, 23);(18, 25);(12, 18);(18, 24);(12, 24);(25, 45);(10, 21);(14, 21);(2, 15);(12, 23);(23, 24)
(18, 23);(25, 48);(18, 25);(12, 18);(12, 45);(18, 24);(12, 25);(12, 24);(18, 48);(2, 54);(14, 21);(12, 48);(12, 23);(23, 24);(23, 39)
(18, 23);(25, 48);(12, 45);(18, 24);(12, 25);(12, 24);(2, 23);(2, 44);(12, 48);(2, 24);(23, 24);(23, 25)
(25, 48);(12, 25);(24, 25);(24, 46);(23, 46);(2, 25);(12, 48);(12, 23);(23, 24);(23, 25)
(25, 43);(12, 25);(12, 24);(2, 25);(12, 23);(12, 54);(23, 25)
(12, 23);(12, 25);(23, 25)
(18, 24);(12, 24);(2, 23);(12, 18);(24, 54);(23, 24);(23, 25)
(18, 23);(2, 18);(18, 24);(12, 24);(2, 23);(12, 18);(2, 12);(2, 25);(12, 23);(23, 24);(23, 25)
(18, 23);(18, 39);(2, 18);(12, 25);(2, 23);(12, 18);(2, 12);(2, 25);(2, 24);(12, 23);(23, 25)
(18, 39);(2, 23);(2, 12);(2, 25);(2, 24);(12, 23);(23, 25)
(18, 45);(12, 25);(12, 24);(24, 25);(2, 24);(12, 23);(23, 24);(23, 25)
(18, 55);(12, 23);(18, 50);(23, 24);(12, 24)
(18, 23);(23, 48);(24, 48);(12, 25);(12, 24);(24, 25);(2, 54);(12, 48);(12, 23);(23, 24);(23, 25)
(2, 23);(12, 46);(12, 25);(12, 24);(24, 25);(2, 54);(2, 12);(2, 25);(12, 48);(12, 23);(23, 45);(25, 54);(23, 25)
(12, 24);(25, 45);(2, 54);(2, 12);(12, 43);(2, 24);(12, 23);(23, 45);(24, 43);(23, 25)
(23, 54);(12, 25);(12, 24);(2, 54);(12, 43);(24, 54);(12, 23);(23, 24);(24, 43);(23, 25)
(12, 24);(2, 23);(2, 54);(2, 12);(25, 52);(24, 54);(12, 23);(23, 24)
(12, 53);(12, 51);(12, 24);(2, 23);(25, 52);(12, 23);(23, 41);(23, 24)
(25, 51);(12, 24);(24, 44);(12, 23);(23, 41);(23, 24)
(2, 39);(25, 43);(12, 24);(12, 50);(12, 23);(23, 24);(23, 50)
(25, 38);(2, 23);(12, 50);(2, 25);(12, 23);(23, 50)
(23, 52);(12, 52);(2, 50);(12, 24);(2, 23);(12, 50);(2, 25);(12, 23);(12, 55);(23, 50)
(23, 55);(12, 24);(23, 52);(2, 12);(12, 55);(23, 24);(12, 23)
(23, 52);(2, 24);(23, 55);(2, 25)
None
None
None
(2, 12)
None
None
(25, 55)
(25, 55)
None
None
None
None
None
None
None
None
None
None
None
None
None
None
None
None
None
None
None
None
None
None
None
None
None
None
None
None
None
None
None
None
None
None
None
None
None
None
None
None
None
None
None
None
None
None
None
None
None
None
None
None
None
None
None
None
None
None
None
None
None
None
None
None
None
None
None
None
None
None
None
None
None
None
(46, 54)
(46, 54)
(46, 54)
(46, 54)
None
(46, 54)
(46, 54)
None
None
None
(46, 54)
(46, 54)
None
(26, 32);(26, 28)
(26, 32);(26, 28)
(6, 36);(28, 36);(19, 26);(19, 36);(26, 28);(26, 36);(6, 26)
(6, 36);(26, 32);(19, 26);(19, 36);(26, 28);(26, 36);(6, 26);(46, 54)
(6, 28);(6, 54);(19, 36);(26, 28);(26, 36);(32, 36);(19, 32);(26, 48);(6, 26);(46, 54)
(26, 54);(6, 28);(6, 54);(19, 36);(26, 28);(28, 54);(26, 36);(32, 36);(19, 32);(6, 26);(46, 54)
(26, 54);(36, 68);(26, 28);(28, 54);(26, 46);(26, 68);(19, 32)
(26, 46);(36, 38);(32, 52);(19, 26);(36, 68);(19, 36);(26, 28);(28, 54);(26, 54);(26, 43);(32, 36);(19, 43)
(36, 38);(32, 52);(28, 48);(36, 68);(26, 28);(36, 44);(26, 48);(19, 43);(46, 54)
(6, 26);(28, 48);(6, 28);(32, 52);(26, 28);(36, 44);(26, 48);(26, 45);(19, 53);(46, 54)
(6, 68);(28, 68);(26, 32);(36, 51);(6, 28);(32, 68);(26, 28);(26, 68);(6, 54);(19, 53);(32, 55);(46, 54)
(6, 68);(28, 68);(28, 50);(26, 55);(6, 28);(19, 41);(26, 28);(6, 26);(32, 48);(6, 55);(26, 68);(19, 32);(19, 53);(26, 50);(46, 54)
(46, 54);(26, 38);(26, 32);(36, 39);(36, 72);(6, 28);(19, 26);(28, 32);(26, 28);(28, 36);(6, 52);(28, 68);(6, 55);(26, 68);(32, 68);(26, 48);(6, 26);(32, 48);(28, 38);(26, 50)
(26, 46);(6, 68);(19, 41);(6, 28);(36, 72);(26, 32);(6, 36);(26, 28);(6, 32);(6, 52);(32, 48);(6, 55);(26, 36);(6, 45);(32, 36);(6, 39);(26, 45);(6, 26);(26, 48);(6, 48);(46, 54)
(6, 36);(19, 41);(26, 32);(28, 68);(6, 72);(6, 28);(19, 26);(26, 28);(6, 46);(26, 46);(6, 54);(19, 32);(19, 51);(28, 72);(6, 26);(32, 51);(46, 54)
(6, 68);(6, 28);(19, 26);(36, 68);(26, 28);(26, 68);(32, 68);(6, 36);(6, 72);(6, 43);(26, 32);(32, 51);(19, 36);(6, 32);(26, 36);(19, 32);(28, 68);(19, 68);(28, 72);(28, 32);(6, 26);(26, 51);(19, 51);(28, 36);(6, 53);(41, 68);(32, 36)
(6, 68);(28, 68);(6, 28);(6, 32);(26, 28);(19, 41);(26, 68);(28, 32);(28, 72);(6, 26);(26, 36)
(55, 68);(6, 68);(28, 68);(6, 28);(32, 45);(26, 28);(52, 68);(26, 68);(6, 26)
(6, 68);(36, 39);(45, 68);(36, 68);(32, 45);(26, 28);(26, 68);(32, 68);(6, 26)
(6, 68);(28, 68);(32, 53);(0, 26);(0, 19);(32, 36);(26, 28);(36, 46);(0, 6);(32, 43);(26, 68);(0, 68);(6, 26);(0, 28)
(6, 19);(6, 68);(28, 68);(32, 53);(0, 26);(6, 36);(6, 28);(19, 26);(19, 68);(26, 28);(36, 46);(0, 6);(32, 43);(19, 41);(26, 68);(32, 68);(26, 36);(19, 28);(36, 54);(6, 26);(0, 28)
(28, 46);(6, 36);(28, 36);(6, 39);(36, 72);(6, 28);(19, 26);(26, 28);(26, 41);(19, 41);(36, 54);(26, 32);(19, 32);(6, 26);(32, 55);(26, 36)
(6, 39);(14, 51);(14, 36);(26, 28);(28, 46);(19, 55);(19, 32);(26, 48);(26, 45);(32, 55);(46, 54)
(6, 10);(6, 39);(10, 36);(14, 51);(14, 36);(36, 68);(19, 36);(0, 10);(10, 14);(28, 46);(32, 36);(19, 32);(19, 55);(26, 45);(32, 55);(0, 68)
(36, 46);(8, 14);(28, 36);(6, 39);(10, 36);(14, 19);(8, 34);(10, 19);(28, 46);(8, 10);(0, 32);(10, 14);(14, 32);(10, 32);(19, 32);(19, 55);(10, 34);(26, 36)
(26, 47);(6, 68);(1, 3);(6, 39);(16, 68);(26, 28);(0, 16);(26, 68);(0, 36);(8, 36);(0, 32);(1, 14);(0, 28);(10, 27);(28, 46);(19, 32);(26, 45);(14, 34);(32, 34);(28, 68);(32, 52);(26, 54);(1, 10);(28, 36);(8, 34);(46, 68);(34, 36);(10, 14);(0, 68);(26, 48);(19, 52)
(6, 68);(6, 28);(19, 26);(32, 68);(26, 28);(10, 15);(0, 16);(26, 68);(0, 36);(6, 36);(6, 50);(26, 32);(15, 16);(10, 27);(28, 46);(0, 14);(28, 68);(32, 52);(36, 50);(39, 68);(28, 36);(6, 26);(26, 46);(14, 16);(6, 38);(26, 55);(46, 68);(16, 27);(10, 14);(10, 16);(19, 52);(6, 46)
(6, 36);(28, 36);(36, 38);(36, 50);(6, 38);(26, 55);(6, 28);(10, 15);(46, 68);(6, 50);(10, 27);(10, 16);(0, 14);(15, 16);(28, 50)
(6, 36);(6, 50);(26, 32);(26, 52);(36, 50);(46, 68);(26, 55);(6, 28);(10, 15);(22, 68);(28, 36);(10, 16);(0, 14);(36, 38);(15, 16);(10, 14);(28, 50)
(28, 50);(6, 50);(26, 32);(36, 38);(46, 68);(26, 55);(6, 28);(45, 68);(6, 38);(10, 15);(22, 41);(28, 36);(10, 27);(32, 68);(32, 53);(15, 16);(6, 36);(26, 52)
(26, 47);(39, 46);(6, 39);(26, 52);(6, 28);(22, 26);(10, 15);(26, 68);(19, 22);(28, 38);(6, 36);(6, 50);(6, 32);(26, 41);(22, 41);(26, 36);(32, 39);(26, 46);(32, 53);(6, 38);(26, 55);(46, 68);(45, 68);(22, 36);(32, 36);(15, 16);(22, 32)
(15, 27);(6, 50);(26, 52);(6, 38);(6, 28);(22, 26);(26, 28);(22, 48);(22, 46);(10, 15);(22, 68);(10, 27);(26, 68);(32, 36);(15, 16);(28, 38);(10, 16)
(28, 50);(6, 50);(26, 55);(6, 28);(19, 36);(26, 28);(22, 48);(10, 15);(10, 16);(32, 36);(19, 32);(6, 26);(15, 16);(26, 50)
(22, 54);(6, 28);(19, 26);(22, 26);(26, 28);(10, 15);(22, 68);(19, 22);(6, 36);(6, 72);(26, 32);(19, 36);(26, 41);(26, 36);(0, 14);(19, 32);(22, 28);(19, 43);(22, 48);(28, 72);(6, 26);(28, 36);(10, 16);(22, 36);(41, 68);(32, 36);(15, 16);(22, 32)
(6, 72);(22, 54);(6, 28);(22, 26);(28, 72);(10, 15);(22, 41);(10, 14);(10, 27);(26, 36);(0, 14);(15, 16);(26, 44);(10, 16)
(19, 43);(6, 72);(6, 28);(36, 44);(26, 28);(28, 72);(10, 15);(10, 14);(10, 27);(26, 36);(10, 16);(0, 14);(15, 16);(26, 44)
(15, 27);(1, 3);(6, 28);(26, 28);(1, 68);(10, 15);(0, 16);(26, 44);(0, 32);(6, 72);(26, 32);(11, 34);(22, 41);(16, 32);(10, 27);(26, 36);(0, 14);(19, 32);(22, 28);(3, 68);(19, 43);(28, 72);(14, 15);(16, 19);(10, 14);(0, 68);(15, 16)
(1, 3);(6, 28);(22, 26);(26, 28);(16, 28);(10, 15);(0, 16);(26, 44);(0, 32);(16, 22);(16, 32);(10, 27);(19, 32);(22, 28);(0, 22);(19, 28);(16, 26);(6, 19);(6, 41);(32, 53);(10, 14);(22, 32)
(15, 27);(1, 3);(10, 68);(6, 68);(1, 26);(6, 28);(22, 26);(26, 28);(1, 68);(10, 15);(22, 68);(28, 68);(26, 68);(6, 14);(8, 14);(43, 68);(16, 36);(11, 72);(26, 32);(6, 10);(16, 22);(53, 68);(10, 27);(26, 36);(1, 28);(6, 22);(19, 32);(22, 28);(10, 22);(3, 68);(22, 34);(6, 36);(36, 68);(3, 16);(14, 15);(16, 26);(28, 32);(3, 26);(6, 26);(8, 26);(14, 29);(19, 53);(32, 53);(8, 34);(10, 16);(11, 29);(6, 43);(10, 14);(22, 32)
(6, 68);(1, 3);(14, 16);(6, 28);(22, 26);(28, 41);(26, 28);(10, 15);(15, 36);(15, 19);(15, 26);(6, 36);(16, 36);(11, 72);(16, 22);(8, 29);(26, 36);(6, 22);(19, 32);(22, 28);(8, 16);(6, 15);(15, 22);(44, 68);(14, 15);(16, 26);(6, 26);(8, 26);(14, 29);(19, 53);(6, 41);(28, 36);(32, 53);(8, 34);(8, 22);(3, 43);(15, 28);(22, 36);(15, 16)
(6, 68);(1, 3);(6, 28);(22, 26);(10, 15);(22, 68);(0, 36);(8, 14);(16, 36);(11, 72);(1, 14);(16, 22);(29, 34);(26, 36);(6, 22);(8, 29);(14, 34);(28, 68);(14, 19);(16, 26);(14, 29);(14, 16);(1, 22);(8, 34);(14, 36);(3, 43);(22, 36);(14, 32);(15, 16);(22, 32)
(6, 68);(6, 28);(22, 26);(26, 28);(15, 26);(6, 36);(15, 34);(11, 72);(11, 34);(16, 22);(8, 29);(6, 22);(19, 32);(22, 28);(8, 15);(0, 22);(15, 22);(3, 44);(1, 44);(14, 19);(14, 15);(16, 26);(8, 69);(19, 53);(32, 53);(8, 34);(11, 69);(0, 46);(14, 45);(14, 32);(34, 69);(15, 16)
(6, 68);(1, 3);(6, 28);(22, 26);(26, 28);(1, 68);(16, 28);(22, 68);(10, 46);(26, 68);(10, 26);(0, 26);(11, 34);(16, 22);(1, 51);(26, 36);(6, 22);(19, 32);(3, 68);(28, 68);(16, 26);(6, 26);(10, 48);(19, 53);(32, 53);(10, 36);(11, 69);(51, 68);(14, 45);(11, 29);(34, 69);(6, 16);(36, 54)
(1, 3);(6, 28);(26, 28);(0, 16);(10, 26);(0, 28);(22, 36);(16, 22);(1, 51);(26, 36);(10, 48);(19, 32);(36, 54);(6, 26);(10, 28);(19, 53);(32, 53);(14, 16);(10, 16);(0, 6);(26, 48);(34, 69);(6, 16);(16, 26)
(1, 3);(10, 11);(6, 28);(26, 28);(10, 15);(0, 36);(0, 28);(0, 15);(16, 36);(26, 32);(6, 32);(1, 36);(1, 51);(14, 47);(3, 51);(6, 22);(19, 32);(14, 22);(28, 46);(22, 73);(26, 46);(6, 26);(3, 36);(19, 53);(28, 36);(0, 26);(0, 6);(34, 69);(6, 46)
(69, 73);(1, 3);(10, 11);(14, 16);(6, 28);(6, 32);(22, 26);(36, 46);(26, 28);(16, 28);(10, 15);(22, 68);(1, 6);(26, 68);(10, 26);(6, 69);(14, 22);(29, 34);(6, 36);(10, 69);(15, 69);(6, 72);(0, 6);(0, 10);(3, 10);(6, 10);(8, 10);(19, 53);(3, 72);(16, 22);(1, 72);(16, 32);(14, 47);(26, 36);(1, 28);(6, 22);(19, 32);(22, 28);(10, 22);(3, 68);(14, 72);(19, 72);(0, 22);(28, 68);(8, 34);(14, 34);(28, 72);(0, 28);(22, 73);(28, 36);(14, 15);(11, 15);(6, 26);(3, 36);(10, 28);(14, 29);(0, 26);(10, 72);(26, 46);(10, 36);(53, 68);(16, 36);(51, 68);(11, 29);(15, 28);(22, 36);(10, 14);(10, 34);(14, 32);(11, 34);(6, 68);(16, 46);(10, 29);(6, 16);(15, 72);(6, 46)
(69, 73);(1, 3);(19, 53);(6, 68);(1, 26);(6, 28);(19, 26);(22, 26);(36, 46);(16, 28);(22, 68);(0, 16);(1, 6);(26, 68);(10, 34);(8, 14);(10, 69);(26, 32);(1, 16);(16, 68);(6, 32);(1, 36);(3, 72);(16, 22);(1, 72);(8, 29);(1, 28);(6, 22);(3, 16);(22, 28);(14, 34);(3, 68);(0, 22);(28, 68);(26, 28);(0, 28);(22, 73);(16, 26);(29, 34);(3, 26);(6, 26);(3, 36);(8, 34);(8, 16);(32, 53);(0, 26);(36, 72);(0, 19);(22, 32);(10, 14);(0, 68);(10, 29);(6, 16)
(0, 22);(10, 69);(0, 32);(16, 32);(16, 36);(6, 43);(26, 32);(19, 26);(19, 43);(32, 34);(0, 34);(16, 22);(0, 16);(29, 34);(29, 69);(6, 54);(26, 43);(6, 26);(22, 32)
(1, 3);(19, 26);(0, 16);(6, 54);(26, 32);(1, 14);(29, 34);(34, 47);(19, 43);(19, 32);(26, 27);(1, 22);(14, 16);(3, 22);(16, 34);(29, 69);(0, 6);(0, 48);(26, 43);(34, 69);(15, 16);(6, 46)
(1, 3);(19, 26);(0, 32);(3, 45);(1, 16);(16, 72);(16, 22);(16, 32);(29, 34);(1, 32);(19, 43);(0, 22);(28, 68);(3, 54);(32, 48);(36, 72);(3, 32);(16, 36);(0, 48);(26, 43);(34, 69);(22, 32)
(6, 68);(1, 3);(3, 15);(6, 28);(19, 26);(1, 15);(0, 28);(0, 32);(22, 45);(16, 36);(16, 72);(8, 10);(53, 68);(10, 27);(3, 6);(8, 29);(19, 43);(38, 69);(29, 38);(0, 22);(28, 68);(22, 48);(32, 48);(22, 28);(36, 72);(29, 69);(15, 28);(26, 43);(34, 69);(22, 32);(3, 46)
(3, 15);(1, 3);(6, 68);(1, 26);(19, 26);(36, 68);(26, 28);(16, 28);(0, 16);(26, 68);(0, 3);(0, 28);(6, 36);(0, 32);(22, 45);(16, 68);(29, 34);(26, 36);(3, 6);(14, 22);(19, 43);(38, 69);(29, 38);(0, 22);(28, 68);(22, 48);(8, 73);(14, 15);(16, 26);(6, 26);(28, 36);(0, 26);(0, 46);(29, 69);(0, 6);(0, 48);(26, 43);(14, 32);(34, 69);(22, 32);(3, 46);(6, 46)
(6, 68);(1, 3);(16, 68);(10, 48);(19, 26);(0, 16);(0, 10);(0, 36);(14, 22);(6, 36);(26, 53);(0, 28);(29, 34);(19, 32);(10, 22);(19, 43);(38, 69);(29, 38);(28, 68);(14, 48);(0, 54);(34, 38);(32, 46);(22, 48);(8, 73);(32, 48);(10, 32);(10, 54);(0, 1);(28, 36);(29, 69);(10, 14);(26, 43);(14, 32);(0, 68);(34, 69);(22, 32);(3, 46)
(15, 27);(1, 3);(16, 68);(6, 28);(19, 26);(36, 68);(1, 46);(1, 15);(22, 68);(0, 16);(0, 10);(3, 14);(6, 68);(26, 53);(16, 36);(22, 27);(3, 55);(3, 10);(6, 10);(1, 14);(6, 32);(27, 28);(16, 22);(29, 34);(6, 22);(22, 28);(14, 34);(3, 15);(19, 43);(15, 22);(28, 68);(10, 27);(22, 46);(10, 32);(15, 69);(10, 28);(14, 29);(10, 36);(10, 22);(1, 53);(28, 36);(1, 22);(14, 69);(3, 22);(10, 16);(1, 55);(29, 69);(16, 27);(10, 14);(26, 43);(32, 36);(6, 27);(34, 69);(27, 36);(15, 16);(22, 32);(6, 16)
(6, 68);(1, 3);(19, 26);(1, 46);(10, 15);(22, 68);(0, 16);(15, 36);(6, 36);(1, 55);(3, 55);(14, 38);(16, 22);(6, 22);(19, 32);(22, 28);(14, 34);(19, 43);(28, 68);(3, 52);(8, 73);(1, 10);(15, 69);(8, 16);(10, 36);(14, 69);(14, 36);(26, 43);(1, 52);(26, 32);(10, 55);(34, 69);(15, 16);(6, 16);(10, 73)
(6, 68);(1, 3);(16, 68);(6, 28);(19, 26);(3, 52);(16, 28);(10, 15);(22, 68);(32, 68);(22, 55);(36, 38);(16, 36);(3, 55);(14, 38);(16, 22);(16, 32);(19, 32);(22, 28);(19, 43);(8, 15);(28, 68);(28, 32);(14, 29);(1, 22);(14, 16);(14, 69);(16, 54);(14, 36);(32, 43);(26, 43);(26, 32);(6, 46);(15, 16);(6, 16);(10, 16)
(6, 68);(6, 28);(19, 26);(19, 36);(8, 10);(10, 46);(11, 29);(10, 34);(10, 69);(22, 55);(36, 38);(26, 32);(11, 34);(16, 29);(36, 55);(8, 16);(22, 41);(8, 29);(26, 36);(19, 32);(29, 34);(14, 34);(19, 43);(16, 26);(14, 53);(6, 8);(16, 19);(6, 26);(8, 26);(14, 29);(8, 34);(10, 22);(14, 16);(14, 69);(11, 69);(16, 34);(29, 69);(22, 36);(32, 43);(26, 43);(34, 69);(6, 16)
(6, 68);(6, 39);(19, 26);(22, 26);(36, 46);(22, 68);(0, 16);(26, 68);(34, 46);(6, 69);(6, 36);(6, 29);(16, 36);(11, 34);(19, 36);(6, 32);(29, 34);(26, 36);(11, 46);(6, 22);(19, 32);(8, 16);(29, 69);(8, 46);(36, 39);(6, 11);(16, 26);(14, 53);(6, 26);(8, 69);(8, 26);(8, 34);(6, 19);(26, 46);(6, 8);(11, 69);(11, 29);(6, 34);(34, 69);(6, 16)
(6, 68);(19, 41);(6, 39);(68, 72);(6, 28);(36, 68);(36, 46);(0, 16);(26, 68);(32, 68);(6, 36);(68, 73);(11, 34);(6, 32);(29, 34);(26, 36);(36, 39);(28, 68);(26, 28);(16, 26);(28, 32);(6, 26);(6, 41);(26, 46);(36, 72);(51, 68);(0, 39);(0, 68);(22, 32);(6, 46)
(6, 28);(22, 26);(36, 46);(16, 28);(32, 38);(26, 32);(6, 32);(36, 48);(16, 22);(16, 32);(29, 34);(6, 22);(22, 28);(14, 43);(6, 55);(19, 28);(26, 28);(16, 26);(28, 32);(6, 26);(8, 34);(6, 41);(14, 16);(36, 72);(51, 68);(0, 39);(22, 32);(0, 48);(16, 53);(6, 16)
(6, 68);(22, 28);(16, 68);(6, 28);(22, 26);(36, 46);(16, 28);(22, 68);(28, 68);(26, 68);(19, 22);(28, 38);(6, 36);(36, 69);(26, 32);(11, 34);(32, 38);(16, 32);(8, 29);(26, 36);(19, 32);(29, 34);(34, 36);(8, 68);(6, 55);(8, 14);(26, 28);(28, 36);(28, 32);(6, 26);(8, 69);(8, 26);(14, 29);(19, 53);(28, 50);(6, 41);(26, 46);(8, 34);(14, 36);(11, 29);(34, 69);(6, 16)
(6, 68);(10, 11);(10, 68);(16, 68);(6, 28);(22, 26);(26, 28);(16, 28);(28, 68);(0, 10);(11, 14);(0, 28);(6, 36);(6, 50);(16, 36);(11, 34);(6, 10);(6, 32);(26, 36);(19, 32);(22, 28);(10, 22);(36, 68);(19, 28);(8, 14);(26, 46);(16, 26);(10, 32);(16, 19);(6, 26);(10, 28);(14, 29);(28, 50);(28, 36);(10, 36);(10, 16);(0, 6);(0, 16);(10, 29);(6, 16)
(10, 11);(10, 68);(16, 68);(36, 68);(26, 28);(14, 29);(11, 14);(10, 34);(8, 14);(16, 36);(11, 34);(28, 46);(19, 32);(14, 34);(29, 69);(19, 43);(14, 15);(16, 19);(6, 26);(16, 71);(32, 53);(8, 34);(11, 69);(11, 29);(22, 36);(32, 43);(10, 14)
(6, 68);(16, 68);(6, 28);(26, 28);(14, 29);(26, 68);(8, 14);(26, 29);(29, 34);(28, 46);(19, 32);(19, 43);(26, 36);(28, 68);(15, 34);(14, 39);(6, 26);(16, 71);(28, 36);(11, 69);(11, 29);(32, 43);(0, 68);(34, 69);(11, 34)
(11, 16);(16, 68);(6, 28);(36, 68);(26, 28);(18, 26);(11, 14);(14, 46);(16, 36);(16, 71);(19, 32);(14, 34);(19, 43);(0, 55);(18, 68);(14, 15);(0, 41);(6, 26);(14, 29);(28, 36);(11, 36);(0, 26);(11, 29);(32, 43);(0, 68);(11, 15);(34, 69)
(29, 71);(16, 68);(6, 28);(36, 68);(26, 28);(22, 68);(8, 28);(8, 36);(11, 22);(16, 22);(28, 46);(36, 53);(6, 14);(19, 43);(18, 68);(0, 41);(29, 68);(6, 26);(14, 34);(14, 69);(14, 46);(11, 29);(32, 43)
(16, 68);(6, 28);(22, 26);(26, 28);(22, 68);(10, 34);(36, 38);(11, 34);(14, 18);(10, 18);(16, 22);(28, 46);(36, 53);(14, 34);(19, 43);(36, 50);(18, 46);(19, 32);(16, 26);(18, 50);(18, 72);(6, 26);(14, 29);(10, 72);(28, 36);(18, 36);(11, 29);(32, 43);(10, 14);(22, 71);(14, 72)
(10, 72);(11, 14);(10, 11);(10, 36);(14, 36);(36, 50);(32, 36);(18, 36);(26, 28);(32, 43);(10, 14);(8, 29);(14, 72);(18, 41);(18, 50);(19, 32);(10, 29);(11, 29);(19, 43);(14, 29);(18, 28)
(6, 18);(10, 11);(26, 28);(18, 26);(10, 14);(8, 29);(11, 14);(14, 34);(19, 43);(10, 34)
(6, 18);(14, 51);(14, 36);(11, 34);(18, 46);(19, 36);(26, 28);(18, 26);(10, 14);(6, 28);(6, 26);(14, 72)
(6, 51);(6, 36);(28, 36);(36, 72);(10, 18);(11, 34);(34, 52);(26, 28);(18, 26);(6, 26);(19, 41);(18, 28);(11, 14);(19, 32);(14, 34);(9, 25);(11, 71)
(6, 51);(6, 36);(6, 26);(4, 9);(18, 25);(6, 28);(34, 52);(26, 28);(25, 26);(4, 26);(18, 28);(4, 18);(19, 32);(18, 26)
(9, 26);(6, 18);(25, 36);(36, 51);(14, 44);(4, 18);(18, 46);(19, 36);(26, 28);(18, 26);(4, 26);(18, 73);(19, 32);(6, 26);(41, 55);(4, 6)
(4, 18);(6, 18);(4, 6);(14, 44);(0, 25);(36, 50);(14, 50);(26, 28);(14, 34);(4, 26);(4, 28);(4, 25);(0, 14);(19, 32);(6, 26);(36, 38)
(9, 26);(6, 68);(18, 22);(25, 36);(4, 18);(4, 36);(26, 28);(18, 26);(22, 68);(4, 28);(26, 68);(0, 36);(15, 71);(0, 28);(6, 36);(36, 38);(4, 26);(14, 18);(11, 22);(26, 36);(15, 18);(0, 4);(19, 32);(6, 14);(6, 15);(8, 15);(6, 18);(22, 26);(15, 34);(14, 68);(15, 73);(0, 18);(6, 28);(18, 28);(6, 26);(0, 26);(28, 36);(4, 6);(14, 36);(4, 68);(18, 36);(0, 6);(22, 71);(0, 68);(14, 15);(4, 22)
(9, 26);(6, 28);(19, 26);(22, 26);(9, 22);(26, 28);(36, 68);(22, 68);(25, 32);(28, 68);(26, 68);(19, 22);(0, 28);(6, 36);(22, 36);(19, 36);(9, 28);(26, 36);(4, 18);(14, 34);(39, 73);(0, 22);(4, 28);(0, 25);(4, 36);(14, 15);(0, 26);(22, 25);(4, 6);(4, 68);(18, 36);(4, 26);(22, 71);(46, 73);(9, 19);(4, 22)
(18, 22);(11, 14);(4, 18);(22, 26);(26, 28);(25, 32);(14, 26);(26, 68);(19, 22);(8, 14);(4, 26);(11, 34);(11, 22);(26, 36);(14, 34);(0, 22);(28, 68);(14, 68);(4, 36);(16, 26);(16, 19);(22, 25);(0, 26);(18, 25);(18, 36);(41, 55);(22, 36);(22, 71);(46, 73)
(28, 68);(22, 26);(18, 25);(16, 41);(10, 16);(19, 26);(4, 36);(16, 55);(41, 55);(22, 41);(16, 26);(11, 14);(15, 16);(4, 22)
(28, 68);(19, 28);(9, 68);(18, 28);(16, 22);(4, 36);(18, 68);(36, 46);(22, 68);(0, 16);(4, 22);(11, 14);(22, 28);(16, 19);(16, 26)
(15, 44);(22, 25);(28, 68);(0, 41);(16, 32);(0, 15);(22, 36);(9, 15);(0, 18);(16, 22);(0, 16);(11, 14);(16, 25);(16, 19);(19, 25)
(32, 36);(16, 48);(16, 32);(0, 25);(4, 36);(10, 15);(19, 25);(0, 4);(11, 14);(0, 36);(16, 25);(16, 46);(16, 19);(4, 32)
(0, 22);(16, 48);(22, 48);(16, 22);(0, 16);(11, 14);(19, 32);(16, 46)
(22, 57);(0, 15);(10, 15);(16, 22);(4, 25);(4, 22);(11, 14);(16, 57);(10, 73);(0, 10)
(22, 57);(4, 9);(0, 71);(16, 22);(18, 19);(11, 14);(16, 57);(10, 73)
(22, 57);(18, 22);(25, 66);(16, 18);(10, 45);(18, 66);(9, 22);(4, 39);(0, 71);(22, 46);(18, 71);(16, 22);(0, 16);(4, 22);(11, 14);(18, 50);(16, 57);(4, 46);(10, 73)
(0, 22);(22, 25);(22, 66);(10, 18);(18, 71);(16, 22);(0, 16);(11, 14);(15, 16);(16, 18);(10, 73)
(0, 22);(22, 57);(14, 34);(8, 14);(14, 19);(16, 34);(4, 46);(16, 66);(0, 16);(11, 14);(25, 66);(14, 66);(0, 34)
(8, 14);(18, 22);(15, 34);(18, 57);(16, 34);(16, 18);(14, 15);(11, 14);(16, 25);(11, 15);(16, 19);(0, 34);(8, 15);(18, 25)
(4, 39);(10, 14);(15, 34);(18, 66);(10, 15);(0, 16);(14, 15);(25, 66);(14, 34)
(8, 73);(11, 71);(4, 39);(4, 9);(15, 34);(9, 22);(10, 15);(4, 53);(10, 14);(14, 15);(4, 22);(16, 25);(0, 16)
(11, 71);(4, 9);(22, 45);(8, 14);(4, 18);(14, 50);(16, 29);(8, 10);(16, 66);(10, 15);(4, 53);(15, 29);(10, 14);(14, 15);(8, 15);(25, 66);(8, 29);(10, 29);(14, 29)
(4, 51);(14, 50);(10, 15);(4, 22);(11, 71);(22, 45);(16, 29);(8, 10);(8, 29);(16, 25);(8, 15);(16, 66);(25, 66);(15, 29);(4, 53);(16, 19);(14, 29);(14, 16);(10, 16);(14, 25);(10, 14);(10, 29);(15, 16)
(10, 11);(29, 72);(11, 66);(10, 15);(10, 14);(11, 14);(16, 25);(11, 15);(4, 9);(8, 15)
(9, 29);(29, 66);(4, 22);(8, 14);(4, 9);(50, 66);(16, 22);(8, 29);(16, 25);(14, 34);(8, 15);(22, 34);(15, 25);(22, 29);(14, 29);(4, 29);(22, 66);(14, 16);(29, 72);(38, 66);(11, 15);(10, 29);(15, 16);(15, 71)
(22, 29);(14, 16);(4, 25);(16, 22);(38, 66);(25, 52);(15, 71);(34, 57);(8, 29);(14, 29);(14, 22)
(4, 9);(4, 38);(50, 66);(16, 22);(38, 66);(4, 25);(15, 71);(34, 57);(9, 50);(11, 15);(14, 29)
(22, 25);(14, 16);(50, 66);(4, 50);(16, 29);(4, 16);(8, 73);(16, 22);(38, 66);(29, 34);(15, 71);(34, 57);(11, 15);(9, 50);(4, 66);(14, 22);(14, 29);(16, 25)
(14, 16);(16, 73);(16, 18);(14, 50);(4, 14);(4, 16);(8, 73);(16, 22);(15, 71);(34, 57);(11, 15);(16, 25);(25, 53);(10, 34);(22, 29);(16, 50);(14, 29);(14, 22)
(4, 10);(18, 22);(9, 10);(44, 66);(10, 16);(11, 22);(4, 16);(8, 73);(16, 22);(15, 71);(16, 25);(11, 15);(16, 19);(10, 22);(14, 29)
(8, 73);(44, 66);(22, 71);(14, 29);(4, 16)
(18, 22);(25, 43);(16, 66);(14, 29);(4, 16)
(18, 22);(15, 66);(11, 66);(9, 22);(16, 66);(4, 16);(8, 73);(16, 22);(15, 29);(22, 66);(14, 15);(4, 22);(11, 14);(29, 34);(11, 15);(11, 29);(14, 29)
(18, 22);(4, 9);(14, 16);(14, 34);(11, 29);(8, 73);(15, 29);(14, 15);(4, 22);(11, 14);(57, 66);(11, 15);(14, 66);(14, 29);(14, 22)
(4, 18);(11, 29);(8, 73);(16, 25);(15, 29);(8, 29);(15, 50);(29, 34);(57, 66);(11, 15);(46, 66);(15, 16);(14, 29)
(16, 17);(14, 34);(8, 34);(4, 18);(4, 16);(4, 17);(11, 29);(9, 18);(15, 29);(29, 34);(8, 15);(11, 15);(16, 57);(8, 29);(46, 66);(16, 18);(14, 29)
(8, 14);(14, 29);(8, 34);(4, 17);(8, 10);(11, 29);(10, 15);(15, 29);(8, 29);(39, 66);(14, 15);(11, 15);(8, 15)
(11, 71);(10, 69);(4, 9);(17, 69);(4, 25);(8, 10);(11, 29);(15, 29);(14, 15);(25, 66);(11, 15);(9, 25);(14, 29)
(17, 69);(10, 17);(11, 71);(8, 10);(8, 14);(15, 29);(8, 29);(8, 15);(14, 34);(8, 69);(29, 69);(14, 29)
(11, 71);(8, 34);(10, 17);(8, 14);(11, 29);(15, 29);(8, 29);(4, 43);(29, 34);(25, 66);(11, 15);(34, 69);(8, 69);(29, 69);(14, 29)
(14, 43);(10, 69);(25, 43);(4, 9);(10, 17);(18, 66);(14, 25);(4, 46);(11, 29);(14, 15);(15, 29);(8, 29);(14, 29);(25, 66);(11, 15);(8, 15)
(4, 9);(10, 17);(18, 66);(14, 25);(4, 46);(11, 29);(18, 39);(4, 53);(25, 66);(11, 15);(18, 43);(14, 29)
(4, 29);(25, 29);(10, 14);(4, 9);(8, 34);(8, 14);(17, 29);(14, 25);(4, 14);(11, 29);(9, 14);(15, 29);(4, 25);(8, 15);(8, 29);(11, 15);(9, 25);(14, 29)
(8, 14);(11, 29);(14, 15);(4, 58);(29, 66);(15, 29);(4, 25);(14, 29);(8, 29);(11, 15);(8, 15)
(18, 66);(14, 51);(14, 25);(4, 14);(8, 52);(14, 15);(4, 58);(29, 34);(11, 14);(8, 29);(11, 15);(11, 29);(29, 58)
(11, 17);(4, 9);(10, 17);(18, 66);(17, 29);(11, 34);(18, 46);(11, 29);(10, 15);(4, 44);(14, 15);(8, 15);(11, 14);(11, 15);(25, 66);(4, 66);(10, 14);(8, 52);(29, 58);(14, 29)
(4, 9);(18, 46);(10, 15);(8, 29);(25, 66);(4, 66);(29, 58);(8, 15)
(4, 51);(17, 29);(18, 46);(8, 10);(11, 29);(10, 14);(8, 29);(10, 73);(14, 29)
(8, 14);(10, 11);(4, 51);(18, 66);(11, 34);(18, 46);(8, 10);(10, 14);(10, 73);(14, 29)
(9, 66);(4, 18);(11, 34);(18, 46);(17, 29);(4, 66)
(4, 66);(10, 14);(39, 66);(10, 17);(17, 29)
(25, 58);(15, 51);(9, 52);(39, 66);(18, 52)
(4, 71);(15, 66);(4, 18);(25, 53);(18, 53);(14, 29)
(25, 53);(18, 53);(9, 39);(15, 66);(4, 66)
(18, 66);(4, 18);(25, 45);(4, 57);(57, 66);(4, 66)
(57, 66);(4, 66);(4, 18)
(9, 18);(4, 18);(4, 25);(44, 66)
(4, 18);(44, 66)
(4, 9);(50, 66);(4, 18);(38, 66);(4, 25);(9, 25)
(4, 18);(38, 66);(4, 25);(4, 9);(4, 66)
(25, 66)
(25, 66);(18, 71);(9, 25)
(18, 66);(4, 18);(4, 25);(18, 50);(25, 66);(4, 66)
(4, 18);(18, 25)
(25, 66);(25, 45);(25, 43)
(44, 66);(4, 66)
(44, 66);(4, 44);(4, 25);(4, 66)
(44, 66);(4, 44);(4, 51);(25, 52);(4, 66)
(66, 72);(4, 66);(51, 66);(4, 72)
(25, 50);(4, 66);(9, 38);(9, 25);(66, 72)
(4, 9);(9, 66);(9, 72);(4, 46);(4, 57);(25, 53);(25, 66);(4, 66)
(57, 66);(4, 66);(4, 9);(4, 57);(46, 66)
(57, 66);(4, 66);(46, 66);(4, 57);(9, 25)
(25, 66);(4, 66);(4, 25)
(25, 66);(4, 66)
(4, 66)
(4, 66);(4, 44);(44, 66)
(65, 66);(25, 61);(44, 66);(9, 61);(4, 44);(25, 65);(4, 66);(25, 66);(65, 61)
(65, 66);(65, 61);(9, 66)
(65, 66);(65, 61);(66, 61);(4, 9)
None
(65, 61)
(65, 61)
None
(65, 61)
None
(38, 65);(58, 65);(50, 65);(38, 61)
(53, 65);(65, 61);(53, 61);(65, 71)
(44, 61);(65, 61);(44, 65);(65, 71)
(61, 72);(58, 65);(52, 65);(43, 61);(65, 61);(51, 65)
(65, 61);(43, 65);(57, 61);(57, 65);(43, 61)
(57, 61);(61, 72);(65, 72);(57, 65);(65, 61);(46, 61)
(65, 61)
(65, 61)
(65, 66);(65, 61)
(65, 61)
(65, 61);(46, 65);(46, 61)
(65, 61);(46, 65);(46, 61)
None
None
None
(65, 61)
None
None
None
None
None
None
None
None
None
None
None
None
None
None
(38, 61)
None
None
None
None
None
None
None
None
None
None
None
None
None
None
(58, 65)
(58, 65)
(65, 61);(58, 61);(58, 65)
(65, 61)
(65, 61);(58, 65)
(65, 66);(58, 65)
(65, 61)
(65, 61)
None
None
None
(65, 61)
(65, 61)
(65, 61)
(65, 61)
None
None
None
None
None
None
None
None
None
None
None
(65, 61)
(65, 61)
(65, 61);(46, 65);(45, 61);(46, 61);(43, 61)
(57, 61);(61, 72);(53, 65);(43, 61);(43, 65);(57, 65);(65, 61)
(44, 65);(51, 61);(53, 65);(53, 61);(44, 61);(65, 61)
(44, 65);(58, 65);(38, 65);(50, 61);(44, 61);(65, 61);(50, 65)
(65, 61);(58, 61);(58, 65)
(65, 66);(65, 61)
None
None
(52, 65)
(65, 61)
None
(65, 61);(25, 28)
(25, 66);(65, 61);(25, 28);(28, 66)
(65, 61);(19, 66);(22, 68);(28, 66)
(6, 68);(6, 36);(22, 66);(19, 28);(22, 68);(6, 22);(28, 66);(19, 66);(22, 61);(22, 28);(65, 61);(22, 65)
(6, 68);(22, 66);(22, 28);(57, 68);(6, 36);(6, 28);(28, 66);(6, 66);(46, 68);(22, 61);(6, 22);(65, 61);(22, 65)
(6, 68);(28, 68);(28, 66);(22, 50);(22, 68);(53, 68);(6, 66);(22, 43);(65, 61);(19, 25);(22, 53)
(6, 68);(28, 68);(6, 28);(6, 50);(22, 66);(22, 68);(19, 66);(22, 50);(6, 22);(65, 61);(19, 25)
(6, 36);(6, 50);(36, 38);(28, 68);(6, 28);(22, 58);(28, 36);(36, 58);(19, 25);(22, 28);(36, 66);(38, 66);(6, 66)
(28, 50);(6, 50);(19, 28);(36, 38);(28, 68);(6, 68);(19, 71);(6, 28);(22, 58);(28, 66);(28, 36);(36, 66);(22, 28);(38, 66);(6, 66)
(22, 58);(22, 25);(6, 50);(28, 50);(44, 66);(19, 71);(36, 68);(28, 66);(6, 66);(6, 28);(36, 66);(66, 68);(50, 66)
(44, 66);(22, 25);(6, 50);(25, 36);(28, 50);(19, 71);(22, 58);(6, 28);(36, 66)
(28, 50);(36, 71);(36, 68);(6, 38);(44, 66);(6, 28);(22, 58);(22, 25);(6, 50);(19, 71);(36, 66);(22, 52);(28, 38)
(22, 52);(6, 50);(6, 38);(6, 28);(36, 68);(25, 73);(19, 71);(36, 66);(28, 38)
(28, 50);(6, 50);(22, 28);(22, 52);(6, 28);(28, 38);(19, 71);(46, 68);(6, 22);(36, 66);(25, 73)
(6, 68);(22, 57);(28, 68);(19, 28);(25, 68);(19, 71);(6, 22);(68, 71);(45, 59);(22, 68);(25, 28);(19, 22);(6, 28);(22, 28);(22, 53);(19, 53)
(6, 68);(22, 25);(28, 68);(6, 71);(22, 59);(6, 28);(6, 52);(25, 59);(36, 57);(57, 66);(36, 66);(66, 68);(28, 51);(19, 53)
(6, 68);(22, 57);(28, 36);(22, 28);(28, 68);(22, 36);(6, 28);(28, 72);(22, 66);(22, 68);(25, 59);(6, 50);(36, 57);(6, 22);(57, 66);(36, 66);(28, 57);(28, 51);(19, 53)
(6, 68);(22, 57);(22, 66);(6, 28);(22, 28);(28, 68);(22, 68);(28, 36);(36, 72);(28, 72);(36, 68);(22, 36);(22, 50);(36, 57);(28, 66);(6, 22);(57, 66);(36, 66)
(6, 68);(28, 68);(25, 36);(22, 36);(6, 28);(36, 66);(19, 68);(50, 68);(22, 68);(53, 68);(22, 66);(6, 22);(22, 28);(52, 68)
(6, 68);(22, 66);(6, 28);(36, 66);(22, 68);(25, 59);(6, 22);(22, 28);(38, 66);(19, 43)
(6, 68);(19, 25);(6, 28);(6, 22);(22, 68);(38, 66);(22, 28);(36, 66);(19, 43)
(6, 68);(28, 68);(25, 63);(6, 22);(22, 68);(38, 66);(36, 66);(22, 28);(19, 25)
(6, 68);(28, 68);(6, 20);(6, 28);(6, 22);(22, 68);(19, 25);(22, 28);(36, 66)
(6, 68);(36, 38);(36, 50);(0, 22);(63, 68);(6, 28);(6, 63);(22, 68);(38, 66);(6, 22);(22, 28);(22, 63);(19, 43);(14, 29);(0, 28)
(6, 68);(0, 22);(0, 14);(22, 68);(19, 22);(6, 14);(14, 51);(20, 52);(22, 59);(6, 22);(36, 66);(14, 22);(19, 43);(14, 28);(28, 68);(0, 25);(36, 50);(6, 63);(6, 28);(22, 28);(6, 19);(14, 36);(14, 25);(0, 6);(38, 66);(6, 46)
(8, 29);(22, 45);(50, 66);(22, 59);(36, 50);(0, 19);(14, 50);(45, 59);(38, 66);(6, 28);(14, 36);(36, 66);(14, 66);(14, 29);(6, 46)
(17, 69);(14, 17);(44, 66);(29, 34);(22, 68);(0, 36);(11, 29);(0, 28);(11, 34);(14, 27);(14, 19);(19, 25);(8, 29);(36, 66);(14, 34);(0, 66);(0, 22);(17, 19);(20, 22);(22, 59);(36, 50);(36, 44);(22, 28);(28, 57);(14, 29);(28, 36);(14, 69);(25, 73);(0, 19);(45, 59);(28, 66);(20, 28);(6, 46)
(0, 22);(20, 68);(36, 51);(16, 68);(22, 59);(20, 34);(19, 58);(16, 34);(45, 59);(0, 16);(6, 57);(36, 44);(6, 28);(16, 25);(36, 66);(16, 19);(15, 17);(28, 57);(6, 46)
(16, 17);(1, 3);(36, 51);(36, 72);(22, 59);(6, 28);(16, 27);(45, 59);(28, 66);(6, 57);(6, 66);(25, 52);(22, 28);(36, 66);(51, 66);(28, 57);(22, 53);(15, 17)
(16, 17);(14, 17);(28, 68);(14, 16);(36, 72);(6, 28);(6, 57);(19, 25);(66, 72);(36, 66);(6, 46);(28, 57);(22, 53);(15, 17)
(16, 17);(6, 36);(14, 17);(28, 68);(14, 16);(36, 72);(66, 72);(46, 57);(28, 36);(28, 66);(19, 25);(14, 15);(28, 46);(6, 28);(57, 66);(36, 66);(6, 46);(22, 53);(15, 17)
(16, 17);(6, 36);(28, 36);(46, 66);(6, 28);(36, 46);(28, 66);(19, 25);(28, 46);(57, 66);(36, 66);(6, 46);(6, 66);(22, 53);(15, 17)
(6, 68);(6, 28);(36, 46);(28, 71);(16, 17);(6, 36);(22, 36);(19, 25);(59, 68);(28, 46);(6, 22);(36, 66);(46, 66);(28, 68);(22, 53);(28, 53);(6, 66);(22, 28);(25, 28);(15, 17);(28, 36);(28, 66)
(0, 27);(1, 3);(20, 25);(11, 14);(0, 14);(29, 34);(36, 57);(14, 29);(19, 22);(16, 17);(6, 36);(11, 34);(1, 14);(8, 29);(28, 46);(6, 28);(3, 16);(36, 66);(14, 34);(0, 29);(8, 15);(28, 68);(22, 53);(15, 34);(28, 36);(15, 29);(0, 34);(25, 28);(15, 17);(22, 25);(46, 66);(14, 16);(19, 71);(15, 50);(11, 29);(20, 28);(46, 68);(11, 15);(27, 34);(1, 16)
(19, 22);(25, 36);(25, 28);(6, 28);(14, 46);(1, 68);(29, 34);(36, 57);(11, 14);(0, 36);(14, 66);(14, 22);(8, 14);(25, 43);(11, 34);(1, 14);(1, 36);(8, 29);(22, 53);(36, 66);(14, 34);(0, 29);(8, 15);(28, 43);(28, 53);(15, 29);(22, 28);(57, 66);(0, 8);(14, 29);(8, 34);(28, 36);(14, 16);(14, 36);(16, 34);(11, 29);(8, 22);(66, 68);(6, 46)
(6, 28);(14, 46);(14, 22);(8, 14);(25, 43);(15, 34);(15, 66);(11, 34);(20, 52);(1, 36);(29, 34);(22, 53);(6, 22);(36, 66);(8, 46);(28, 43);(16, 66);(22, 46);(15, 29);(22, 28);(25, 28);(6, 71);(6, 8);(8, 22);(6, 53);(11, 29);(6, 46)
(10, 11);(17, 20);(0, 16);(10, 34);(10, 46);(8, 14);(15, 34);(16, 36);(11, 34);(29, 34);(25, 28);(6, 22);(1, 10);(36, 66);(10, 66);(16, 17);(28, 43);(16, 66);(22, 46);(15, 29);(22, 28);(22, 53);(10, 36);(1, 66);(6, 8);(10, 16);(17, 52);(11, 29);(28, 66);(6, 66);(10, 29);(6, 46)
(10, 11);(25, 66);(22, 44);(11, 28);(17, 20);(28, 34);(11, 19);(8, 14);(19, 73);(11, 34);(20, 52);(11, 22);(28, 46);(16, 25);(36, 66);(15, 46);(22, 34);(19, 28);(15, 34);(16, 66);(22, 46);(3, 16);(15, 29);(22, 28);(25, 28);(51, 72);(10, 36);(10, 16);(28, 73);(17, 52);(11, 15);(10, 29);(28, 51)
(51, 72);(8, 14);(1, 3);(6, 71);(36, 50);(22, 44);(11, 34);(17, 62);(16, 66);(28, 72);(16, 25);(16, 29);(62, 63);(17, 68);(36, 66);(25, 66);(62, 68);(34, 59);(0, 66);(28, 51)
(1, 3);(28, 29);(6, 28);(8, 28);(6, 14);(8, 14);(19, 73);(1, 25);(50, 66);(14, 51);(1, 16);(22, 44);(6, 22);(1, 10);(36, 66);(10, 66);(6, 51);(14, 28);(20, 22);(36, 50);(22, 46);(16, 25);(15, 29);(14, 29);(10, 36);(6, 20);(16, 20);(28, 51)
(6, 51);(14, 28);(1, 3);(50, 66);(6, 28);(11, 34);(16, 68);(16, 66);(1, 68);(20, 59);(8, 14);(19, 73);(28, 51);(36, 50);(16, 25);(36, 66);(34, 59);(20, 46);(14, 29);(6, 14)
(6, 68);(68, 71);(6, 28);(8, 14);(50, 66);(11, 34);(8, 29);(28, 46);(22, 44);(16, 25);(8, 46);(28, 68);(6, 22);(8, 73);(15, 29);(14, 15);(19, 20);(14, 29);(28, 53);(6, 8);(6, 53);(6, 20);(38, 66);(28, 44);(34, 59);(20, 46);(28, 51);(6, 46)
(6, 68);(22, 44);(0, 22);(28, 29);(6, 28);(0, 16);(20, 34);(8, 14);(43, 68);(6, 29);(50, 66);(11, 34);(6, 20);(16, 29);(53, 68);(19, 25);(8, 29);(14, 29);(3, 6);(6, 22);(16, 25);(22, 28);(28, 46);(14, 28);(28, 68);(14, 57);(22, 46);(28, 53);(3, 16);(14, 15);(3, 19);(36, 66);(16, 19);(22, 53);(6, 8);(6, 53);(15, 28);(0, 6);(20, 28);(22, 50);(34, 59);(6, 46)
(25, 36);(22, 50);(8, 14);(43, 68);(50, 66);(11, 34);(6, 25);(8, 29);(28, 46);(6, 22);(16, 25);(29, 57);(8, 68);(3, 44);(14, 57);(16, 66);(11, 59);(36, 66);(68, 73);(14, 29);(22, 25);(10, 36);(3, 22);(15, 28);(20, 28);(34, 59);(20, 46)
(0, 53);(25, 36);(68, 72);(10, 15);(28, 34);(8, 28);(34, 46);(3, 14);(8, 14);(11, 34);(8, 20);(16, 22);(28, 46);(6, 22);(25, 66);(36, 66);(10, 66);(3, 44);(15, 34);(6, 36);(14, 57);(15, 53);(16, 66);(11, 59);(29, 57);(14, 29);(22, 66);(10, 36);(10, 16);(15, 28);(22, 36);(20, 28);(34, 59);(20, 46)
(44, 66);(0, 53);(10, 68);(28, 29);(20, 29);(0, 43);(0, 16);(15, 71);(0, 3);(8, 36);(6, 36);(11, 34);(16, 29);(8, 10);(16, 22);(10, 53);(20, 28);(8, 29);(28, 46);(6, 22);(29, 57);(0, 29);(28, 68);(14, 57);(16, 20);(0, 71);(28, 53);(36, 66);(11, 59);(25, 53);(0, 8);(10, 28);(14, 29);(51, 72);(8, 73);(28, 36);(46, 68);(8, 22);(51, 68);(3, 43);(10, 25);(20, 46);(22, 36);(10, 14);(10, 16);(10, 29);(20, 68);(34, 59);(6, 16);(0, 10)
(44, 66);(14, 17);(16, 68);(0, 14);(3, 11);(16, 28);(0, 43);(0, 16);(15, 71);(11, 14);(14, 22);(11, 34);(0, 20);(10, 27);(6, 22);(0, 73);(22, 28);(0, 29);(0, 22);(25, 53);(22, 25);(8, 73);(36, 44);(36, 66);(29, 46);(0, 8);(14, 29);(0, 59);(27, 53);(20, 28);(10, 29);(3, 10)
(0, 27);(16, 68);(6, 28);(16, 28);(15, 71);(0, 36);(6, 29);(0, 20);(16, 29);(6, 25);(29, 34);(14, 29);(6, 22);(22, 28);(14, 72);(20, 27);(28, 68);(20, 22);(8, 73);(36, 44);(36, 66);(16, 19);(20, 36);(25, 28);(6, 19);(22, 25);(27, 53);(0, 66);(0, 6);(25, 59);(10, 29);(6, 16)
(6, 68);(6, 28);(25, 29);(16, 29);(29, 66);(14, 66);(14, 22);(16, 36);(19, 36);(14, 27);(29, 34);(0, 14);(36, 66);(8, 16);(0, 66);(0, 22);(15, 22);(20, 22);(16, 66);(22, 46);(8, 73);(14, 15);(16, 19);(14, 29);(22, 25);(15, 27);(14, 36);(16, 34);(0, 6);(29, 36);(66, 68)
(16, 68);(36, 68);(8, 50);(15, 50);(15, 36);(14, 66);(14, 22);(8, 36);(6, 36);(16, 36);(0, 57);(11, 34);(22, 28);(6, 14);(6, 15);(8, 15);(15, 22);(36, 50);(16, 66);(14, 44);(14, 15);(16, 19);(14, 16);(25, 59);(11, 15);(15, 16);(6, 16)
(6, 68);(16, 68);(6, 28);(16, 28);(8, 50);(15, 50);(15, 36);(0, 72);(8, 36);(11, 34);(19, 36);(6, 22);(16, 25);(22, 28);(0, 28);(8, 15);(28, 68);(36, 50);(19, 68);(25, 66);(16, 19);(25, 68);(14, 44);(6, 20);(20, 28);(66, 68)
(6, 68);(29, 50);(0, 50);(10, 15);(0, 16);(0, 28);(6, 36);(11, 34);(8, 10);(0, 44);(19, 25);(8, 29);(6, 22);(36, 66);(8, 15);(0, 58);(15, 34);(34, 50);(14, 68);(20, 28);(0, 68);(10, 29);(15, 16);(6, 16)
(10, 15);(22, 68);(19, 66);(0, 16);(0, 36);(11, 50);(6, 29);(16, 36);(11, 34);(19, 36);(8, 10);(0, 11);(19, 25);(8, 29);(6, 22);(36, 66);(0, 66);(8, 68);(15, 34);(34, 50);(16, 66);(16, 19);(8, 34);(14, 25);(20, 28);(11, 15)
(14, 16);(25, 68);(16, 36);(14, 51);(14, 36);(14, 25);(36, 68);(19, 36);(16, 66);(16, 68);(22, 68);(19, 66);(20, 28);(16, 25);(36, 66);(25, 66);(14, 66);(11, 34)
(25, 36);(16, 68);(19, 36);(22, 50);(29, 66);(15, 66);(16, 36);(11, 34);(16, 29);(8, 29);(25, 66);(36, 66);(16, 66);(15, 29);(14, 15);(16, 19);(25, 68);(11, 29);(20, 28);(15, 68);(15, 16);(66, 68)
(6, 68);(6, 28);(14, 50);(16, 28);(10, 15);(22, 68);(19, 66);(10, 34);(8, 14);(6, 20);(11, 34);(19, 36);(8, 10);(16, 22);(10, 14);(8, 29);(6, 22);(22, 28);(10, 22);(20, 22);(14, 68);(16, 20);(36, 66);(22, 60);(14, 29);(22, 25);(14, 36);(14, 25);(16, 60);(22, 36);(20, 28);(10, 16);(10, 29);(6, 16)
(10, 11);(25, 36);(36, 68);(10, 15);(11, 14);(15, 36);(11, 29);(10, 34);(15, 66);(11, 34);(8, 10);(16, 22);(8, 29);(36, 66);(8, 15);(14, 50);(20, 22);(15, 29);(14, 15);(22, 60);(8, 34);(16, 60);(6, 20);(10, 14);(16, 20);(11, 15);(10, 29);(15, 16);(66, 68)
(6, 68);(11, 68);(44, 66);(6, 28);(25, 58);(20, 60);(14, 20);(11, 19);(8, 14);(22, 58);(16, 22);(0, 11);(16, 25);(36, 66);(0, 22);(28, 68);(20, 22);(14, 19);(0, 68);(19, 68);(10, 50);(25, 66);(15, 29);(36, 44);(22, 60);(0, 16);(22, 25);(22, 66);(14, 36);(0, 6);(10, 14);(16, 20);(10, 29)
(6, 68);(25, 36);(16, 68);(28, 29);(6, 28);(16, 28);(20, 29);(22, 68);(22, 50);(8, 59);(14, 66);(14, 22);(20, 66);(16, 29);(51, 66);(6, 22);(36, 66);(28, 68);(20, 22);(15, 29);(11, 59);(22, 28);(19, 53);(36, 51);(15, 16)
(6, 68);(25, 36);(22, 68);(11, 14);(14, 66);(8, 14);(25, 43);(57, 68);(17, 28);(28, 66);(51, 66);(19, 25);(59, 68);(8, 29);(22, 28);(14, 34);(19, 43);(8, 46);(20, 22);(15, 29);(36, 66);(6, 59);(22, 66);(8, 34);(36, 51);(14, 36);(16, 60);(6, 20);(20, 68);(20, 46);(6, 46)
(6, 68);(22, 57);(57, 68);(16, 68);(6, 28);(36, 68);(16, 28);(22, 68);(8, 14);(25, 43);(57, 66);(22, 36);(16, 22);(53, 68);(19, 25);(8, 29);(28, 46);(66, 72);(22, 28);(16, 51);(19, 43);(14, 43);(28, 68);(22, 53);(20, 22);(6, 36);(14, 19);(6, 22);(6, 11);(22, 66);(36, 66);(6, 59);(14, 29);(29, 60);(28, 36);(6, 71);(36, 51);(14, 25);(16, 36);(6, 20);(20, 28);(20, 46);(6, 46)
(6, 68);(29, 60);(46, 66);(25, 68);(14, 19);(20, 66);(36, 46);(10, 50);(10, 15);(22, 68);(14, 53);(6, 22);(57, 66);(36, 66);(14, 34);(6, 15);(20, 46)
(14, 43);(0, 22);(29, 60);(36, 68);(16, 20);(15, 34);(36, 51);(16, 68);(14, 19);(6, 10);(0, 10);(36, 46);(10, 15);(0, 6);(51, 66);(10, 20);(14, 53);(6, 22);(36, 66);(20, 46);(19, 53)
(0, 22);(29, 60);(36, 51);(0, 6);(14, 19);(14, 25);(6, 22);(10, 15);(36, 66);(51, 66);(11, 14);(16, 46);(14, 20);(11, 34);(16, 20)
(0, 22);(29, 60);(36, 38);(14, 19);(36, 50);(14, 17);(0, 6);(38, 66);(6, 22);(36, 66)
(0, 22);(22, 25);(36, 38);(50, 66);(0, 25);(36, 50);(16, 20);(14, 71);(29, 60);(0, 6);(6, 25);(38, 66);(6, 22);(36, 66);(14, 19);(8, 34)
(36, 46);(0, 22);(22, 25);(6, 20);(20, 22);(0, 30);(16, 22);(0, 25);(16, 20);(14, 71);(29, 60);(20, 30);(0, 6);(6, 25);(0, 16);(6, 22);(16, 25);(36, 66);(0, 20);(14, 19);(22, 30)
(0, 20);(14, 71);(22, 36);(36, 46);(19, 66);(19, 22);(0, 36);(6, 36);(0, 6);(19, 36);(20, 30);(6, 22);(36, 66);(0, 66);(0, 22);(20, 22);(8, 14);(14, 19);(6, 66);(0, 30);(20, 36);(22, 66);(0, 19);(6, 20);(30, 36);(22, 30)
(6, 36);(22, 66);(20, 22);(25, 36);(8, 14);(0, 14);(30, 66);(6, 30);(22, 36);(19, 66);(8, 29);(25, 66);(36, 66);(20, 36);(14, 29);(22, 30)
(22, 66);(20, 66);(6, 30);(19, 66);(19, 22);(25, 66);(36, 66);(20, 36);(14, 29)
(30, 59);(22, 25);(22, 66);(20, 22);(20, 66);(22, 36);(19, 22);(0, 30);(0, 14);(36, 66);(20, 36);(0, 29);(14, 29)
(20, 25);(25, 36);(0, 20);(22, 36);(10, 15);(0, 36);(9, 25);(8, 14);(30, 46);(8, 10);(8, 29);(25, 66);(36, 66);(15, 46);(0, 22);(20, 22);(9, 20);(6, 36);(0, 25);(15, 29);(14, 15);(20, 36);(14, 29);(22, 25);(22, 66);(0, 6);(10, 14);(10, 29);(30, 50)
(6, 19);(6, 36);(14, 47);(6, 66);(36, 38);(9, 20);(8, 14);(36, 51);(20, 66);(20, 30);(8, 10);(22, 36);(10, 14);(8, 29);(0, 36);(36, 66);(10, 29);(14, 29)
(6, 19);(6, 36);(25, 43);(20, 22);(14, 25);(36, 44);(20, 66);(8, 10);(19, 43);(22, 66);(22, 36);(6, 66);(8, 29);(36, 66);(14, 47);(10, 29);(19, 25);(14, 29);(6, 46)
(6, 66);(14, 29);(22, 66);(20, 22);(8, 14);(6, 36);(6, 22);(36, 46);(10, 15);(22, 36);(15, 29);(14, 47);(25, 43);(9, 36);(0, 36);(36, 66);(10, 29);(19, 25);(19, 43);(10, 14);(6, 46)
(0, 24);(0, 20);(0, 14);(16, 35);(0, 16);(0, 10);(24, 36);(15, 47);(8, 14);(35, 66);(25, 43);(22, 36);(6, 20);(8, 10);(16, 22);(6, 25);(19, 25);(8, 29);(6, 22);(36, 66);(10, 22);(0, 29);(0, 66);(10, 66);(6, 66);(0, 22);(20, 22);(6, 36);(16, 66);(10, 24);(15, 29);(0, 35);(14, 29);(22, 66);(10, 36);(20, 24);(16, 68);(10, 16);(19, 43);(0, 6);(10, 14);(10, 29)
(20, 25);(25, 36);(10, 15);(19, 66);(0, 16);(0, 10);(15, 19);(8, 14);(15, 35);(8, 29);(36, 66);(10, 22);(0, 66);(8, 15);(10, 66);(0, 22);(9, 20);(10, 19);(22, 46);(19, 24);(15, 29);(14, 15);(0, 35);(14, 29);(10, 36);(24, 36);(10, 14);(16, 20);(10, 29);(24, 66)
(15, 59);(22, 25);(19, 22);(25, 68);(9, 68);(16, 30);(20, 30);(22, 68);(19, 35);(11, 14);(16, 20);(36, 66);(14, 29)
(15, 59);(16, 30);(19, 68);(22, 68);(9, 68);(36, 66);(14, 29)
(10, 68);(22, 68);(0, 10);(11, 14);(0, 36);(24, 50);(16, 36);(19, 25);(36, 66);(20, 22);(0, 25);(16, 30);(10, 24);(9, 68);(47, 73);(30, 68);(22, 24);(14, 29);(15, 59);(22, 25);(25, 68);(10, 25);(22, 36);(19, 22);(30, 36);(20, 68);(10, 60);(22, 30)
(9, 20);(0, 16);(16, 20);(16, 25);(30, 68);(10, 60);(14, 29)
(16, 35);(15, 29);(15, 19);(9, 24);(9, 19);(15, 16);(16, 19)
(16, 25);(16, 19);(14, 29);(11, 14);(16, 20)
(9, 16);(0, 16);(16, 24);(16, 59);(14, 29)
(9, 16);(24, 72);(16, 59);(14, 29)
(8, 14);(9, 46);(24, 46);(10, 14);(8, 29);(9, 24);(14, 29)
(9, 46);(16, 35);(24, 46);(15, 29);(14, 15);(0, 10);(10, 29);(9, 24);(14, 29)
(29, 60);(14, 16);(10, 16);(8, 10);(10, 15);(10, 14);(14, 15);(0, 10);(0, 14);(10, 29);(0, 16);(9, 24);(16, 30)
(8, 14);(10, 50);(16, 20);(0, 30);(9, 24);(16, 24);(24, 43)
(51, 72);(24, 60);(20, 64);(16, 20);(0, 30);(9, 24);(14, 29)
(14, 16);(9, 20);(8, 64);(16, 29);(14, 20);(9, 24);(0, 29);(14, 29);(27, 29)
(29, 60);(8, 24);(20, 35);(0, 15);(8, 64);(14, 17);(0, 16);(16, 20);(0, 29)
(29, 60);(20, 24);(16, 35);(8, 64);(14, 35);(24, 35);(16, 20);(8, 17)
(29, 60);(16, 35);(8, 64);(16, 29);(30, 72);(8, 17);(27, 73)
(29, 62);(16, 62);(27, 50);(15, 29);(8, 29);(47, 73);(8, 15)
(10, 16);(15, 29);(8, 29)
(14, 15);(8, 14);(8, 29);(14, 29)
(0, 64);(24, 29);(24, 60);(8, 64);(20, 64);(15, 29);(16, 64);(9, 30);(16, 20);(14, 15);(9, 24);(8, 16);(0, 16);(14, 29)
(29, 60);(24, 29);(9, 35);(20, 64);(16, 64);(10, 64)
(29, 60);(16, 29);(8, 30);(29, 35);(9, 24);(15, 16)
(29, 60);(10, 14);(10, 16);(16, 29);(15, 29);(29, 35);(9, 24);(10, 29);(14, 29)
(9, 53);(16, 35);(16, 29);(15, 29);(10, 14);(10, 29);(9, 24);(14, 29)
(15, 59);(14, 16);(14, 20);(10, 14);(14, 15);(16, 20);(35, 71);(10, 29);(15, 16);(9, 24);(14, 29)
(8, 14);(8, 24);(8, 16);(35, 43);(8, 30);(16, 20);(10, 29);(16, 24);(15, 16);(8, 15)
(9, 20);(20, 24);(8, 64);(20, 30);(14, 24);(16, 64);(10, 29);(9, 24)
(8, 14);(29, 60);(16, 35);(8, 64);(16, 64);(24, 44);(9, 24);(8, 16);(10, 29)
(8, 14);(29, 60);(24, 50);(24, 51);(14, 15);(10, 29);(9, 24);(8, 15)
(10, 29);(9, 24)
(24, 73);(10, 30);(8, 10);(9, 73);(9, 57);(8, 29);(10, 29);(9, 24)
(24, 73);(9, 64);(29, 50);(35, 59);(29, 44);(10, 29);(9, 24)
(10, 15);(9, 64);(24, 64);(0, 10);(9, 24)
(10, 15);(24, 46);(9, 24);(10, 14);(14, 15)
(14, 15);(35, 59);(24, 60)
(14, 17);(9, 43);(24, 60)
(24, 43);(9, 43);(35, 60)
(46, 57);(35, 60);(24, 51)
(46, 57);(9, 24);(30, 64);(35, 58);(24, 44)
(14, 17);(46, 57);(30, 51);(35, 71);(24, 64);(10, 60)
(14, 17);(10, 17);(46, 57);(24, 46);(10, 14);(30, 51);(24, 64)
(24, 57);(24, 46);(46, 57);(10, 14)
(24, 30);(10, 17);(10, 14);(14, 15);(9, 24);(9, 51)
(9, 24);(30, 50);(14, 15);(9, 72);(24, 72)
(35, 73);(24, 58)
(24, 59);(9, 73);(30, 72)
(10, 15);(24, 30);(9, 30);(30, 53);(9, 71)
None
None
None
(24, 30)
(24, 53)
None
(9, 24);(9, 35)
(24, 57);(9, 59)
(9, 24);(9, 35);(24, 35);(24, 59)
(24, 57);(30, 50)
(24, 72)
(9, 35);(24, 44)
(24, 30);(35, 58);(9, 35)
(9, 58);(35, 58);(9, 35)
(24, 74);(35, 43)
(9, 24);(35, 43)
(35, 43)
(35, 43)
(35, 43)
(35, 43)
(9, 24);(24, 35)
(9, 35)
None
(9, 61)
None
(35, 61)
(35, 61)
(35, 61)
(35, 61)
(35, 61)
None
(59, 61)
None
None
None
(60, 61);(50, 61);(38, 61)
(50, 61);(38, 61)
(53, 61);(51, 61)
(43, 61);(51, 61)
(61, 72);(43, 61)
(59, 74);(61, 74);(59, 61)
(59, 74);(61, 64);(59, 61)
None
None
None
None
(38, 61)
None
None
None
None
None
(58, 61)
None
None
None
None
None
None
None
None
None
None
None
None
(61, 72)
None
None
None
None
None
None
None
(60, 61);(58, 61)
None
None
None
None
None
None
None
None
None
None
None
None
None
(61, 64)
(60, 61);(61, 64)
(60, 61)
None
None
None
None
None
None
None
None
None
None
None
None
(57, 61);(46, 61)
None
(51, 61);(43, 61)
(60, 61);(53, 61)
None
None
None
None
None
None
None
(51, 61)
(20, 61)
(4, 28);(25, 28)
(20, 61);(4, 28)
(25, 61);(4, 28);(28, 68)
(6, 36);(28, 68);(4, 6);(6, 68);(6, 28);(25, 43);(4, 60);(6, 60);(19, 25)
(6, 19);(25, 43);(4, 6);(6, 60);(20, 61);(19, 25);(59, 68);(4, 25);(19, 43)
(25, 43);(4, 6);(6, 28);(4, 59);(19, 25);(4, 25);(19, 43);(25, 59)
(6, 19);(6, 36);(4, 28);(20, 25);(28, 68);(6, 28);(4, 68);(28, 36);(6, 20);(20, 28);(4, 25);(19, 28);(4, 20);(19, 20)
(28, 68);(4, 6);(25, 36);(20, 28);(6, 28);(6, 20);(19, 25);(4, 28);(4, 20)
(20, 25);(25, 36);(6, 28);(19, 43);(6, 20);(6, 25);(20, 28);(36, 67);(28, 74);(6, 44);(28, 44);(19, 25);(25, 28)
(4, 60);(50, 67);(25, 36);(6, 28);(36, 67);(36, 50);(6, 44);(28, 44);(19, 43);(25, 60)
(6, 51);(20, 58);(4, 60);(50, 67);(36, 50);(36, 67);(6, 28);(6, 44);(28, 44);(67, 68);(19, 53)
(20, 58);(4, 60);(50, 67);(4, 67);(20, 67);(6, 28);(38, 67);(4, 58);(36, 67);(36, 50);(6, 59);(6, 44);(28, 44);(20, 36);(19, 53)
(28, 53);(4, 50);(19, 28);(36, 50);(4, 36);(38, 67);(36, 67);(6, 28);(4, 20);(28, 51);(19, 53)
(6, 51);(6, 36);(25, 67);(57, 68);(6, 68);(4, 50);(28, 67);(6, 67);(6, 57);(36, 44);(44, 67);(36, 67);(6, 28);(4, 20);(28, 51)
(6, 51);(6, 72);(6, 28);(44, 67);(20, 38);(36, 67);(4, 50);(28, 51)
(6, 19);(6, 36);(28, 36);(19, 28);(4, 38);(36, 51);(6, 68);(25, 74);(6, 28);(28, 67);(6, 67);(6, 25);(36, 44);(19, 67);(36, 67);(4, 20);(51, 67);(19, 25);(28, 51);(20, 38)
(25, 74);(6, 68);(19, 28);(4, 38);(36, 51);(6, 43);(25, 68);(19, 53);(6, 53);(6, 19);(51, 67);(36, 67);(4, 20);(28, 57);(20, 38)
(6, 19);(4, 38);(36, 51);(6, 28);(6, 53);(6, 20);(6, 57);(20, 28);(51, 67);(36, 67);(20, 50);(4, 20);(28, 57);(19, 20);(19, 53)
(25, 74);(6, 36);(20, 68);(4, 67);(4, 51);(6, 28);(4, 68);(25, 68);(6, 57);(51, 67);(36, 67);(4, 20);(28, 57)
(6, 36);(4, 68);(4, 67);(36, 51);(6, 68);(6, 28);(4, 36);(28, 67);(6, 67);(6, 20);(6, 57);(51, 67);(36, 67);(44, 67);(4, 6)
(6, 19);(6, 36);(4, 28);(28, 36);(19, 28);(4, 6);(25, 36);(6, 28);(4, 36);(50, 68);(6, 20);(20, 28);(62, 63);(25, 28);(36, 67);(20, 68);(19, 20);(20, 36)
(19, 63);(20, 25);(25, 36);(0, 20);(6, 28);(28, 68);(0, 28);(6, 36);(63, 68);(19, 25);(0, 4);(0, 62);(4, 28);(19, 28);(62, 63);(36, 67);(4, 20);(25, 28);(25, 63);(0, 19);(6, 20);(20, 28);(4, 63)
(6, 68);(4, 28);(28, 68);(8, 14);(6, 28);(6, 20);(20, 28);(36, 67);(0, 67);(4, 20);(25, 67)
(6, 68);(4, 28);(19, 70);(25, 36);(0, 70);(14, 19);(6, 28);(14, 25);(6, 20);(20, 28);(36, 67);(14, 36);(14, 67);(64, 67);(20, 68);(0, 19);(36, 64)
(6, 68);(4, 28);(14, 74);(20, 25);(25, 36);(6, 20);(6, 28);(14, 25);(0, 70);(20, 28);(36, 67);(14, 36);(14, 67);(64, 67);(20, 68);(25, 67);(4, 20);(36, 64)
(25, 74);(6, 68);(4, 28);(6, 20);(6, 28);(20, 28);(0, 70);(28, 68);(36, 67);(64, 67);(14, 34);(25, 67);(36, 64)
(6, 68);(36, 67);(19, 70);(6, 28);(4, 12);(64, 67);(25, 67);(5, 67);(4, 19);(0, 70);(23, 68);(28, 68);(4, 28);(46, 67);(6, 12);(5, 34);(4, 6);(12, 19);(20, 28);(12, 23);(20, 68);(36, 64)
(23, 68);(4, 28);(4, 6);(20, 28);(12, 13);(6, 28);(6, 20);(36, 46);(13, 27);(12, 69);(0, 70);(4, 23);(19, 25);(0, 5);(13, 14);(36, 67);(64, 68);(46, 67);(23, 28);(57, 67)
(19, 70);(6, 28);(36, 46);(25, 67);(25, 74);(36, 74);(25, 36);(46, 57);(0, 70);(4, 23);(57, 67);(23, 68);(4, 28);(23, 67);(6, 23);(36, 67);(23, 28);(4, 20);(19, 53);(4, 6);(13, 14);(0, 19);(13, 27);(6, 67);(6, 20);(20, 28);(67, 68);(5, 12)
(6, 68);(25, 36);(6, 28);(28, 68);(36, 57);(13, 14);(6, 36);(12, 20);(0, 70);(4, 23);(12, 68);(12, 28);(4, 28);(23, 67);(6, 23);(36, 67);(6, 12);(5, 28);(4, 20);(20, 23);(57, 67);(4, 6);(36, 72);(23, 28);(13, 27);(6, 67);(6, 20);(20, 28);(12, 23);(20, 68);(67, 68)
(4, 28);(4, 6);(6, 20);(13, 14);(6, 28);(6, 64);(28, 67);(6, 67);(0, 70);(20, 28);(36, 57);(36, 67);(28, 64);(12, 23);(4, 20);(12, 68);(4, 43)
(6, 67);(36, 72);(6, 28);(6, 64);(28, 67);(67, 72);(0, 70);(36, 67);(28, 64);(12, 23);(64, 67);(4, 43)
(12, 53);(14, 69);(23, 60);(6, 28);(6, 64);(28, 67);(6, 67);(0, 70);(12, 36);(12, 67);(36, 67);(28, 64);(13, 14);(64, 67);(5, 67);(12, 23);(4, 43);(23, 25)
(6, 28);(5, 13);(28, 67);(64, 67);(5, 23);(5, 67);(8, 14);(36, 38);(12, 13);(5, 12);(0, 70);(34, 67);(28, 64);(14, 67);(57, 67);(4, 43);(23, 25);(12, 14);(14, 34);(6, 64);(36, 67);(13, 23);(8, 34);(13, 14);(6, 67);(5, 14);(25, 60);(14, 36);(12, 23)
(6, 28);(6, 64);(38, 67);(4, 60);(36, 38);(5, 12);(10, 12);(0, 70);(4, 23);(12, 68);(28, 64);(25, 60);(12, 34);(50, 67);(4, 5);(4, 14);(36, 67);(10, 23);(4, 6);(5, 14);(6, 20);(12, 23)
(5, 68);(14, 74);(6, 28);(12, 36);(23, 59);(5, 67);(5, 36);(4, 60);(12, 59);(5, 12);(0, 70);(3, 6);(14, 67);(12, 34);(50, 67);(36, 67);(4, 20);(8, 34);(14, 36);(14, 25);(12, 23);(34, 59);(12, 67)
(14, 74);(6, 28);(5, 13);(28, 67);(3, 25);(3, 14);(10, 34);(12, 20);(5, 12);(10, 12);(0, 70);(28, 64);(14, 34);(23, 68);(14, 28);(4, 28);(10, 13);(4, 60);(4, 25);(36, 67);(4, 20);(10, 67);(10, 28);(3, 5);(5, 10);(8, 34);(12, 58);(20, 28);(12, 23)
(5, 68);(4, 28);(5, 10);(36, 38);(12, 13);(13, 25);(10, 13);(8, 64);(8, 10);(10, 25);(5, 13);(38, 67);(20, 28);(28, 46);(36, 67);(36, 50);(10, 12);(12, 23);(6, 34);(5, 67);(10, 34)
(4, 10);(34, 60);(36, 38);(6, 28);(10, 13);(8, 64);(20, 46);(38, 67);(0, 70);(6, 25);(20, 28);(14, 47);(28, 46);(36, 67);(12, 23);(46, 57);(6, 14)
(10, 68);(19, 70);(6, 28);(38, 67);(28, 34);(0, 10);(6, 14);(10, 69);(36, 38);(6, 20);(5, 34);(46, 57);(0, 70);(10, 14);(28, 46);(0, 4);(14, 34);(20, 70);(4, 10);(10, 70);(19, 28);(8, 64);(19, 68);(36, 67);(6, 34);(10, 67);(5, 10);(0, 19);(4, 68);(0, 6);(20, 28);(10, 34);(0, 68);(12, 23);(20, 46);(6, 46)
(19, 70);(6, 28);(36, 68);(6, 64);(28, 34);(6, 57);(8, 36);(8, 67);(36, 38);(8, 10);(10, 14);(28, 46);(19, 28);(34, 69);(5, 70);(10, 69);(36, 67);(10, 23);(69, 74);(5, 28);(10, 67);(10, 28);(5, 10);(10, 36);(14, 69);(20, 28);(10, 20);(12, 23);(5, 36);(67, 68);(12, 67);(6, 46)
(20, 25);(6, 28);(36, 68);(6, 64);(3, 28);(12, 20);(6, 72);(34, 74);(0, 70);(28, 46);(14, 34);(12, 34);(28, 72);(36, 67);(69, 74);(34, 69);(25, 28);(20, 23);(4, 73);(14, 69);(23, 28);(6, 20);(20, 28);(12, 23);(67, 68)
(8, 14);(4, 28);(4, 73);(6, 72);(14, 69);(20, 74);(23, 28);(6, 28);(20, 71);(28, 72);(0, 70);(4, 23);(36, 67);(4, 20);(12, 23);(14, 34);(8, 69);(34, 69);(25, 28)
(14, 43);(8, 14);(4, 28);(20, 25);(6, 72);(14, 69);(0, 70);(25, 74);(6, 28);(4, 68);(28, 72);(20, 74);(8, 34);(36, 67);(4, 67);(5, 23);(34, 69);(14, 34);(8, 69);(12, 23);(5, 67)
(20, 25);(6, 28);(14, 70);(17, 34);(20, 74);(5, 23);(5, 67);(8, 69);(5, 12);(14, 27);(0, 70);(0, 14);(6, 58);(27, 67);(20, 27);(14, 19);(36, 67);(19, 20);(12, 23);(19, 53);(8, 57);(20, 23);(8, 34);(57, 69);(0, 19);(19, 27);(53, 70);(23, 27);(34, 69)
(20, 25);(14, 53);(8, 23);(0, 20);(6, 28);(8, 28);(28, 67);(14, 70);(20, 74);(4, 12);(36, 57);(6, 12);(20, 53);(57, 67);(20, 34);(6, 14);(23, 36);(6, 36);(4, 6);(6, 72);(25, 36);(36, 69);(5, 34);(5, 12);(8, 20);(0, 70);(4, 23);(6, 34);(34, 67);(20, 70);(34, 57);(0, 14);(14, 67);(12, 28);(34, 36);(23, 25);(19, 70);(4, 28);(14, 19);(14, 34);(23, 34);(28, 72);(5, 46);(6, 27);(6, 23);(36, 67);(6, 8);(46, 67);(14, 20);(5, 28);(8, 69);(8, 27);(19, 53);(20, 23);(28, 36);(12, 46);(67, 69);(28, 34);(23, 28);(57, 69);(6, 67);(6, 20);(23, 46);(20, 28);(53, 70);(23, 27);(12, 23);(20, 46);(12, 67);(6, 46)
(20, 25);(25, 36);(6, 28);(28, 34);(4, 12);(23, 50);(4, 28);(6, 50);(19, 70);(5, 12);(0, 70);(6, 25);(28, 46);(64, 68);(12, 28);(8, 67);(12, 34);(4, 6);(12, 25);(14, 34);(12, 20);(6, 23);(36, 67);(46, 67);(6, 12);(20, 36);(3, 36);(34, 68);(19, 53);(28, 36);(12, 46);(5, 57);(23, 28);(46, 68);(0, 19);(12, 50);(23, 46);(3, 67);(53, 70);(12, 23);(5, 36);(14, 25);(4, 20);(6, 46)
(0, 53);(19, 70);(5, 6);(12, 58);(4, 36);(10, 46);(6, 36);(5, 36);(12, 20);(25, 36);(5, 12);(14, 71);(8, 10);(0, 70);(12, 36);(12, 28);(68, 74);(12, 14);(6, 23);(6, 12);(5, 28);(4, 20);(10, 28);(20, 36);(19, 53);(20, 23);(14, 34);(36, 51);(0, 19);(20, 28);(53, 70);(12, 23);(20, 46);(6, 46)
(38, 50);(0, 53);(19, 70);(5, 6);(6, 28);(12, 36);(20, 25);(5, 23);(5, 67);(6, 14);(6, 36);(5, 36);(6, 50);(25, 36);(10, 67);(5, 12);(14, 71);(8, 10);(0, 70);(12, 28);(14, 23);(4, 6);(20, 67);(4, 5);(12, 38);(5, 38);(10, 69);(6, 23);(36, 67);(6, 12);(23, 38);(20, 36);(5, 34);(25, 28);(19, 53);(28, 36);(12, 46);(6, 38);(23, 28);(10, 36);(5, 14);(12, 50);(20, 28);(10, 20);(53, 70);(12, 23)
(20, 25);(19, 70);(5, 6);(6, 28);(28, 67);(10, 23);(12, 36);(36, 57);(57, 67);(5, 23);(6, 69);(23, 36);(8, 14);(10, 69);(12, 20);(8, 23);(5, 12);(6, 10);(19, 36);(10, 12);(8, 20);(0, 70);(6, 25);(67, 70);(12, 28);(8, 25);(4, 71);(36, 70);(12, 25);(23, 67);(6, 23);(36, 67);(4, 53);(6, 12);(10, 67);(25, 28);(8, 34);(20, 23);(28, 36);(14, 34);(8, 12);(23, 28);(0, 19);(12, 70);(12, 19);(6, 67);(6, 20);(20, 28);(12, 23);(12, 67)
(8, 23);(6, 28);(4, 12);(25, 67);(5, 23);(46, 69);(3, 72);(10, 14);(14, 67);(57, 67);(12, 72);(12, 34);(4, 71);(28, 68);(36, 67);(3, 36);(5, 72);(3, 5);(3, 12);(14, 69);(8, 12);(0, 19);(5, 14);(6, 20);(20, 28);(12, 23)
(8, 23);(5, 6);(6, 28);(14, 50);(51, 67);(3, 34);(36, 69);(3, 72);(0, 70);(14, 67);(14, 34);(14, 72);(4, 28);(36, 67);(3, 36);(12, 23);(4, 6);(3, 67);(8, 12);(14, 36);(36, 72);(67, 72);(6, 20);(20, 28);(34, 69)
(8, 14);(4, 28);(4, 6);(8, 23);(8, 12);(36, 69);(5, 12);(14, 50);(12, 25);(67, 72);(0, 70);(20, 28);(36, 67);(12, 23);(36, 72);(38, 69);(67, 69)
(6, 28);(64, 67);(8, 14);(5, 36);(5, 12);(0, 70);(4, 28);(36, 67);(4, 20);(5, 34);(12, 53);(3, 12);(4, 6);(25, 68);(36, 72);(3, 53);(67, 72);(6, 20);(20, 28);(19, 67);(12, 23);(67, 68);(36, 64)
(23, 36);(14, 36);(4, 28);(20, 25);(4, 6);(25, 36);(0, 70);(6, 28);(36, 72);(3, 53);(67, 72);(6, 20);(23, 67);(20, 28);(36, 67);(36, 50);(14, 67);(12, 23);(20, 36);(19, 25);(69, 72)
(8, 36);(10, 14);(4, 6);(25, 36);(6, 20);(14, 36);(5, 12);(0, 70);(20, 28);(36, 67);(14, 67);(12, 23);(5, 23);(34, 69);(69, 72);(36, 38)
(4, 28);(4, 6);(25, 36);(5, 12);(12, 25);(10, 25);(10, 34);(14, 69);(36, 67);(10, 23);(23, 25);(12, 23);(5, 23);(34, 69);(5, 8);(8, 36)
(25, 36);(6, 28);(12, 36);(25, 67);(5, 8);(8, 36);(23, 36);(10, 12);(0, 70);(10, 14);(14, 67);(14, 23);(23, 25);(4, 28);(12, 14);(12, 25);(51, 69);(23, 67);(36, 67);(10, 23);(10, 67);(34, 69);(4, 6);(14, 36);(14, 25);(10, 25);(20, 28);(12, 23);(12, 67)
(6, 68);(6, 28);(28, 67);(5, 8);(8, 36);(23, 36);(6, 36);(20, 36);(6, 72);(0, 70);(10, 14);(14, 67);(5, 58);(6, 34);(14, 72);(23, 25);(14, 28);(28, 68);(20, 67);(12, 25);(14, 34);(51, 69);(12, 28);(36, 67);(14, 20);(4, 20);(10, 67);(10, 36);(10, 72);(28, 36);(5, 10);(4, 6);(14, 69);(36, 72);(14, 36);(67, 72);(6, 20);(20, 28);(10, 34);(12, 23);(67, 68);(12, 67)
(6, 68);(68, 72);(6, 28);(6, 64);(28, 68);(4, 19);(0, 70);(0, 14);(12, 72);(6, 51);(4, 28);(12, 25);(28, 72);(23, 67);(36, 67);(5, 28);(4, 20);(4, 6);(14, 36);(20, 64);(6, 20);(20, 28);(23, 25);(12, 23);(20, 68);(67, 68);(12, 67)
(20, 25);(28, 67);(51, 67);(28, 71);(25, 67);(12, 68);(6, 69);(10, 69);(4, 19);(11, 34);(19, 25);(12, 28);(25, 73);(6, 51);(14, 28);(19, 28);(12, 14);(20, 67);(19, 68);(28, 72);(12, 69);(23, 67);(19, 20);(67, 69);(20, 64);(6, 67);(20, 28);(32, 36);(12, 23);(67, 68);(12, 67)
(4, 12);(12, 36);(0, 36);(4, 28);(10, 34);(23, 36);(6, 36);(5, 36);(4, 60);(11, 34);(8, 10);(28, 46);(14, 67);(5, 67);(14, 23);(8, 67);(6, 51);(28, 68);(10, 69);(23, 67);(12, 20);(6, 23);(36, 67);(47, 73);(20, 50);(0, 67);(4, 20);(5, 34);(34, 69);(8, 34);(60, 68);(10, 36);(8, 12);(14, 36);(4, 68);(50, 68);(12, 19);(20, 46);(6, 67);(20, 28);(12, 23);(20, 68);(5, 12);(12, 67)
(25, 36);(6, 28);(4, 36);(4, 12);(25, 67);(5, 67);(23, 36);(5, 36);(12, 20);(12, 68);(12, 36);(28, 46);(14, 67);(12, 28);(14, 72);(6, 51);(4, 28);(5, 17);(25, 43);(6, 23);(36, 67);(6, 12);(20, 36);(6, 19);(20, 23);(57, 67);(14, 69);(23, 28);(14, 36);(4, 68);(6, 20);(5, 20);(20, 28);(12, 23);(20, 68);(10, 60);(4, 20)
(5, 68);(4, 12);(14, 28);(36, 68);(28, 68);(0, 69);(8, 28);(5, 36);(12, 20);(6, 20);(5, 12);(8, 20);(12, 68);(12, 36);(14, 67);(12, 28);(14, 72);(25, 60);(12, 34);(4, 28);(19, 28);(8, 67);(0, 12);(12, 69);(14, 20);(4, 20);(6, 19);(57, 67);(8, 34);(8, 12);(67, 72);(28, 69);(20, 28);(20, 68)
(6, 28);(38, 67);(4, 12);(0, 69);(12, 68);(5, 36);(12, 20);(0, 11);(19, 25);(0, 14);(14, 67);(12, 28);(25, 60);(14, 43);(19, 28);(19, 68);(0, 12);(6, 12);(4, 20);(0, 34);(4, 6);(14, 25);(6, 20);(20, 28);(19, 67);(20, 68)
(6, 28);(28, 68);(0, 69);(64, 67);(5, 36);(25, 43);(34, 60);(11, 34);(19, 25);(12, 36);(0, 14);(19, 43);(4, 28);(0, 12);(0, 67);(4, 20);(11, 12);(4, 6);(14, 69);(14, 25);(6, 20);(20, 28);(19, 67);(5, 12);(12, 67)
(5, 36);(25, 43);(10, 11);(4, 6);(19, 67);(0, 46);(0, 50);(25, 67);(14, 67);(19, 25);(12, 30);(0, 30);(46, 67);(6, 12);(0, 67);(4, 12);(50, 67);(34, 60)
(60, 69);(25, 36);(25, 67);(10, 34);(5, 36);(19, 36);(30, 67);(19, 25);(4, 67);(0, 4);(14, 67);(14, 34);(0, 25);(5, 17);(6, 30);(4, 25);(36, 67);(0, 30);(0, 67);(10, 67);(4, 6);(11, 69);(6, 67);(0, 6);(10, 14);(9, 30);(19, 67);(4, 30)
(6, 36);(5, 36);(4, 6);(36, 51);(14, 69);(5, 34);(10, 69);(4, 30);(0, 6);(10, 14);(19, 67);(36, 67);(0, 36);(63, 67);(6, 30);(6, 9);(19, 25);(51, 67)
(4, 9);(4, 6);(36, 51);(5, 25);(30, 73);(5, 19);(0, 6);(19, 25);(51, 67);(36, 67);(0, 4);(0, 9);(30, 57)
(10, 11);(34, 60);(36, 51);(51, 67);(36, 67);(0, 4)
