(266, 235);(254, 220);(93, 266);(93, 235)
(337, 8);(333, 268);(333, 10);(10, 268)
(206, 171);(254, 268);(333, 268);(266, 235);(206, 220);(333, 206);(171, 220);(83, 206);(333, 220);(83, 333);(333, 254);(83, 220);(83, 171);(333, 171)
(11, 199);(29, 199);(11, 159);(29, 159);(93, 266);(175, 159);(11, 29);(175, 11);(175, 29);(175, 199);(218, 266);(219, 28);(6, 5);(199, 159)
(219, 160);(171, 263);(65, 206);(97, 219);(195, 30);(253, 65);(253, 206);(97, 28);(28, 45);(220, 263);(333, 10);(333, 171);(332, 322);(253, 263);(10, 171);(10, 263);(6, 193);(160, 45);(93, 235);(107, 220);(65, 263);(107, 268);(195, 219);(160, 28);(107, 263);(97, 45);(268, 263);(195, 97);(333, 220);(195, 28);(333, 253);(97, 160);(165, 322);(333, 107);(333, 65);(333, 268);(195, 45);(333, 206);(219, 45);(332, 165);(195, 160);(333, 263);(206, 263);(268, 220);(219, 28)
(265, 114);(176, 16);(65, 268)
(6, 256);(21, 24);(173, 21);(173, 24);(195, 219)
(282, 24);(29, 199);(44, 165);(323, 251);(44, 323);(11, 199);(176, 16);(332, 251);(339, 16);(173, 282);(175, 159);(83, 206);(175, 199);(235, 242);(133, 29);(332, 323);(218, 242);(206, 220);(83, 220);(44, 251);(133, 11);(339, 176);(332, 314);(161, 16);(175, 11);(165, 314);(339, 161);(314, 251);(173, 24);(44, 314);(161, 176);(44, 332);(11, 29);(332, 165);(175, 29);(218, 235);(165, 251);(323, 314);(323, 165)
(266, 242);(163, 314);(332, 163);(163, 165);(332, 322);(163, 322);(339, 16);(235, 242);(8, 16);(218, 242);(339, 8);(337, 8);(337, 339);(83, 220);(332, 314);(165, 314);(337, 16);(165, 322);(266, 235);(314, 322);(332, 165);(198, 107)
(171, 263);(10, 254);(323, 9);(163, 323);(44, 322);(103, 185);(44, 165);(333, 39);(333, 10);(323, 251);(44, 323);(333, 171);(165, 9);(44, 251);(50, 313);(165, 322);(332, 9);(337, 158);(39, 263);(198, 254);(83, 254);(163, 9);(83, 268);(332, 163);(50, 233);(333, 254);(251, 9);(44, 9);(163, 251);(44, 163);(9, 322);(185, 202);(83, 10);(323, 322);(198, 39);(68, 259);(83, 198);(333, 198);(165, 314);(307, 259);(103, 202);(83, 333);(39, 171);(254, 263);(233, 313);(254, 268);(333, 268);(198, 263);(332, 251);(173, 24);(195, 45);(198, 171);(44, 314);(198, 65);(44, 332);(307, 68);(314, 9);(314, 322);(254, 171);(10, 268);(39, 254);(333, 263);(332, 323);(323, 314);(323, 165)
(182, 340);(337, 339);(182, 338);(206, 227);(340, 338);(119, 263);(218, 242)
(283, 215);(173, 23);(44, 165);(323, 9);(323, 251);(44, 323);(165, 9);(332, 251);(315, 339);(315, 182);(251, 9);(44, 9);(337, 339);(44, 251);(332, 314);(165, 314);(314, 251);(44, 314);(314, 9);(339, 182);(165, 251);(323, 314);(323, 165)
(77, 97);(12, 257);(100, 326);(327, 186);(100, 178);(55, 253);(333, 39);(39, 171);(178, 53);(56, 171);(18, 257);(333, 171);(55, 39);(60, 18);(100, 327);(55, 333);(326, 327);(29, 257);(55, 171);(53, 130);(326, 53);(186, 130);(29, 12);(60, 257);(100, 130);(60, 12);(253, 39);(53, 186);(107, 171);(107, 39);(253, 171);(178, 186);(178, 327);(12, 18);(326, 130);(333, 253);(340, 338);(107, 56);(29, 18);(53, 327);(327, 130);(29, 60);(326, 178);(178, 130);(39, 56);(100, 186);(100, 53);(326, 186)
(29, 159);(133, 159);(323, 9);(163, 323);(182, 314);(315, 339);(29, 199);(199, 159);(163, 314);(314, 322);(333, 10);(332, 163);(175, 305);(182, 323);(29, 305);(163, 322);(332, 251);(216, 305);(133, 305);(133, 199);(175, 159);(182, 9);(133, 175);(175, 199);(332, 314);(251, 322);(339, 338);(133, 29);(332, 323);(182, 163);(323, 322);(332, 322);(13, 35);(182, 332);(315, 338);(253, 10);(13, 229);(182, 322);(333, 253);(332, 9);(229, 35);(314, 251);(305, 199);(314, 9);(305, 159);(9, 322);(175, 29);(323, 314);(163, 9)
(324, 327);(2, 326);(245, 186);(169, 289);(327, 186);(2, 245);(247, 289);(25, 327);(25, 186);(324, 186);(174, 193);(315, 161);(2, 290);(324, 53);(178, 53);(245, 327);(245, 178);(2, 327);(339, 161);(326, 327);(25, 178);(290, 53);(245, 324);(326, 53);(247, 169);(326, 290);(25, 53);(289, 62);(2, 324);(290, 327);(326, 324);(53, 186);(245, 53);(174, 5);(290, 178);(2, 53);(84, 193);(178, 186);(178, 327);(25, 290);(5, 193);(53, 327);(290, 324);(84, 5);(290, 186);(247, 62);(326, 178);(25, 324);(2, 178);(315, 339);(290, 245);(178, 324);(326, 245);(84, 174);(326, 25);(169, 62);(2, 25);(25, 245);(326, 186);(2, 186)
(332, 322);(163, 322);(332, 251);(13, 24);(133, 331);(331, 159);(133, 300);(323, 322);(323, 251);(338, 16);(174, 193);(332, 323);(300, 331);(103, 92);(340, 338);(251, 322);(163, 323);(163, 251);(332, 163);(340, 16)
(53, 46);(324, 327);(2, 326);(100, 326);(327, 186);(326, 213);(25, 327);(25, 186);(324, 53);(182, 322);(324, 130);(100, 213);(25, 213);(186, 130);(2, 100);(332, 163);(163, 323);(2, 327);(332, 322);(100, 327);(326, 327);(163, 322);(2, 213);(53, 130);(326, 53);(31, 127);(163, 165);(100, 25);(2, 130);(100, 130);(182, 332);(2, 46);(2, 324);(332, 323);(326, 46);(182, 163);(326, 324);(323, 322);(53, 186);(207, 288);(2, 53);(100, 324);(213, 130);(100, 46);(324, 186);(25, 130);(213, 324);(326, 130);(25, 53);(213, 186);(53, 327);(165, 322);(327, 130);(213, 46);(327, 46);(213, 327);(213, 53);(25, 324);(25, 46);(340, 322);(324, 46);(182, 165);(323, 165);(332, 165);(100, 186);(326, 25);(46, 186);(2, 25);(46, 130);(100, 53);(326, 186);(182, 323);(2, 186)
(178, 327);(326, 178);(326, 327);(169, 289);(25, 178);(182, 332);(338, 325);(182, 325);(25, 327);(332, 325);(332, 338);(326, 25);(182, 338);(312, 151);(247, 289);(247, 169);(166, 90)
(329, 282);(245, 186);(100, 326);(327, 186);(53, 186);(100, 178);(55, 253);(329, 96);(142, 269);(253, 268);(139, 269);(139, 142);(73, 37);(329, 334);(178, 53);(245, 327);(245, 178);(245, 53);(100, 327);(253, 263);(326, 327);(290, 53);(326, 53);(326, 290);(100, 245);(55, 263);(215, 89);(73, 282);(73, 96);(73, 334);(96, 282);(334, 37);(290, 178);(268, 263);(178, 186);(290, 327);(55, 268);(282, 37);(334, 282);(96, 37);(329, 37);(53, 327);(100, 290);(290, 186);(178, 327);(326, 178);(31, 7);(290, 245);(73, 329);(326, 245);(107, 253);(100, 186);(334, 96);(100, 53);(326, 186)
(324, 327);(245, 186);(100, 326);(25, 292);(305, 159);(292, 324);(25, 327);(25, 186);(324, 186);(245, 292);(126, 234);(245, 327);(100, 327);(326, 327);(327, 186);(100, 292);(326, 25);(292, 186);(100, 25);(100, 245);(290, 292);(290, 26);(36, 26);(326, 324);(248, 38);(100, 324);(326, 292);(292, 327);(178, 86);(25, 324);(292, 26);(292, 36);(326, 245);(290, 36);(100, 186);(245, 324);(25, 245);(326, 186)
(329, 96);(318, 98);(316, 318);(318, 181);(318, 188);(181, 188);(316, 188);(181, 98);(316, 181);(316, 98);(89, 96);(215, 96);(188, 98);(215, 89)
(190, 1);(301, 264);(228, 264);(61, 190);(139, 287);(301, 228);(54, 250);(315, 339);(339, 325);(315, 325);(61, 1);(329, 208);(209, 67);(61, 248);(180, 264);(248, 1);(301, 180);(228, 180);(185, 342);(190, 248)
(2, 326);(245, 186);(327, 186);(292, 324);(2, 290);(245, 327);(245, 26);(56, 263);(178, 46);(292, 53);(290, 292);(326, 46);(245, 46);(326, 324);(327, 99);(301, 228);(178, 186);(26, 46);(290, 99);(326, 36);(2, 178);(290, 245);(254, 56);(39, 254);(292, 204);(2, 99);(326, 186);(53, 46);(327, 204);(2, 245);(36, 46);(326, 99);(292, 26);(245, 36);(324, 204);(99, 46);(2, 327);(292, 186);(301, 264);(237, 301);(26, 99);(46, 204);(2, 204);(324, 99);(326, 204);(53, 327);(2, 292);(290, 186);(327, 46);(129, 345);(228, 264);(338, 184);(326, 245);(292, 99);(26, 327);(237, 180);(26, 204);(324, 327);(36, 324);(178, 53);(290, 46);(245, 178);(326, 53);(290, 324);(180, 264);(301, 180);(290, 36);(290, 327);(53, 186);(36, 327);(46, 186);(245, 204);(326, 292);(326, 178);(292, 36);(39, 56);(324, 46);(2, 324);(36, 204);(290, 204);(237, 264);(2, 186);(99, 204);(237, 228);(73, 342);(292, 46);(36, 26);(245, 292);(326, 26);(2, 26);(326, 327);(290, 53);(39, 263);(324, 26);(326, 290);(2, 46);(2, 53);(290, 26);(168, 280);(245, 53);(290, 178);(178, 292);(178, 327);(228, 180);(254, 263);(2, 36);(292, 327);(245, 99);(245, 324);(36, 99)
(77, 97);(298, 305);(18, 0);(285, 222);(298, 331);(305, 331);(285, 203);(177, 66);(77, 28);(41, 331);(97, 28);(28, 45);(223, 222);(298, 86);(74, 273);(331, 69);(203, 223);(223, 270);(222, 270);(30, 28);(300, 305);(18, 188);(300, 331);(0, 62);(303, 345);(203, 222);(50, 303);(97, 45);(181, 98);(157, 192);(80, 192);(203, 270);(300, 298);(86, 331);(41, 69);(84, 78);(30, 77);(188, 62);(30, 97);(66, 38);(177, 38);(77, 45);(72, 342);(285, 223);(80, 157);(174, 193);(300, 86);(285, 270);(18, 62);(86, 305);(30, 45);(0, 188)
(33, 278);(237, 228);(19, 37);(244, 249);(342, 35);(158, 161);(176, 16);(231, 76);(31, 278);(158, 176);(301, 264);(180, 264);(340, 338);(301, 180);(329, 19);(161, 16);(237, 301);(301, 228);(80, 192);(158, 16);(312, 151);(329, 37);(228, 180);(316, 345);(125, 304);(228, 264);(161, 176);(237, 264);(237, 180);(33, 31)
(77, 97);(164, 188);(280, 306);(334, 19);(296, 212);(161, 325);(329, 272);(58, 62);(315, 325);(73, 334);(339, 325);(255, 234);(0, 58);(339, 338);(164, 58);(338, 325);(315, 339);(267, 296);(225, 37);(267, 212);(318, 62);(0, 62);(73, 19);(164, 62);(164, 0);(318, 58);(162, 19);(318, 0);(334, 37);(338, 322);(73, 162);(315, 338);(225, 334);(58, 188);(161, 338);(123, 164);(230, 269);(339, 161);(30, 77);(30, 97);(162, 334);(188, 62);(325, 322);(315, 161);(164, 318);(318, 188);(250, 37);(334, 250);(320, 234);(225, 250);(320, 255);(0, 188)
(33, 278);(292, 324);(26, 130);(2, 290);(315, 8);(324, 130);(245, 327);(49, 306);(245, 26);(247, 169);(140, 324);(61, 66);(2, 130);(11, 146);(290, 292);(245, 46);(326, 324);(290, 99);(290, 130);(187, 34);(339, 161);(327, 130);(290, 245);(34, 20);(339, 325);(292, 204);(339, 8);(327, 204);(2, 245);(36, 46);(326, 99);(292, 26);(245, 36);(324, 204);(33, 7);(146, 341);(2, 327);(122, 313);(149, 334);(169, 0);(26, 99);(46, 204);(247, 0);(2, 204);(324, 99);(326, 204);(2, 292);(327, 46);(245, 130);(292, 99);(26, 327);(36, 130);(46, 130);(26, 204);(324, 327);(161, 8);(36, 324);(161, 325);(140, 292);(315, 158);(315, 325);(290, 46);(140, 99);(158, 161);(290, 324);(290, 36);(290, 327);(61, 74);(36, 327);(158, 8);(130, 204);(245, 204);(326, 292);(26, 46);(140, 26);(292, 36);(324, 46);(2, 324);(36, 204);(290, 204);(74, 66);(88, 169);(315, 161);(99, 204);(169, 289);(277, 259);(11, 341);(292, 46);(36, 26);(245, 292);(88, 247);(247, 289);(326, 140);(326, 26);(2, 26);(315, 339);(324, 26);(278, 7);(2, 46);(339, 158);(290, 26);(0, 289);(82, 256);(187, 20);(158, 325);(140, 204);(88, 289);(88, 0);(8, 325);(2, 36);(292, 327);(245, 99);(245, 324);(292, 130)
(298, 94);(153, 113);(162, 329);(324, 167);(267, 296);(279, 264);(94, 167);(296, 212);(334, 35);(318, 58);(162, 35);(248, 1);(299, 153);(300, 41);(287, 167);(41, 306);(299, 113);(41, 298);(41, 324);(329, 35);(298, 306);(306, 167);(91, 7);(300, 287);(75, 1);(267, 212);(301, 264);(180, 264);(278, 7);(301, 180);(162, 334);(300, 167);(41, 167);(331, 167);(274, 141);(237, 279);(329, 334);(152, 151);(324, 298);(284, 144);(248, 38);(149, 92);(41, 331);(273, 1);(324, 306);(312, 151);(300, 306);(156, 303);(75, 273);(41, 94);(300, 94);(170, 289);(300, 298);(306, 287);(324, 287);(300, 331);(306, 331);(278, 91);(324, 331);(298, 287);(225, 149);(94, 306);(298, 331);(321, 281);(300, 324);(248, 273);(331, 287);(278, 250);(298, 167);(94, 331);(267, 247);(312, 152);(40, 48);(237, 264);(41, 287);(94, 287);(248, 75);(324, 94)
(117, 238);(164, 170);(297, 335);(97, 219);(26, 130);(295, 260);(137, 113);(319, 345);(226, 120);(120, 341);(120, 240);(143, 148);(143, 115);(236, 143);(43, 321);(20, 157);(77, 45);(335, 341);(120, 335);(77, 219);(244, 135);(140, 292);(285, 270);(248, 75);(77, 97);(285, 222);(297, 341);(226, 341);(285, 203);(292, 26);(297, 240);(226, 335);(335, 239);(189, 294);(59, 244);(203, 223);(59, 249);(292, 204);(240, 341);(115, 148);(267, 80);(97, 45);(253, 266);(295, 189);(295, 294);(72, 138);(297, 120);(26, 204);(222, 270);(267, 296);(80, 296);(43, 259);(236, 148);(154, 70);(297, 226);(244, 14);(260, 189);(321, 259);(260, 294);(203, 222);(317, 330);(130, 204);(335, 240);(59, 135);(140, 26);(226, 240);(341, 239);(138, 282);(223, 222);(140, 130);(223, 270);(17, 244);(72, 282);(17, 14);(190, 248);(275, 105);(140, 204);(273, 1);(190, 75);(203, 270);(297, 239);(280, 102);(285, 223);(121, 345);(236, 115);(219, 45);(292, 130)
(117, 238);(54, 111);(295, 260);(241, 341);(118, 200);(226, 120);(120, 341);(240, 146);(226, 241);(247, 188);(120, 240);(88, 58);(169, 188);(247, 169);(57, 122);(318, 62);(240, 341);(301, 264);(301, 228);(187, 34);(240, 241);(42, 269);(335, 341);(120, 335);(232, 123);(120, 309);(120, 146);(226, 341);(190, 273);(237, 264);(164, 3);(226, 335);(146, 341);(335, 239);(189, 294);(88, 62);(309, 239);(131, 200);(164, 247);(120, 205);(252, 187);(52, 239);(335, 241);(309, 335);(237, 301);(120, 241);(149, 92);(4, 14);(295, 189);(120, 52);(309, 341);(228, 264);(295, 294);(146, 241);(237, 180);(172, 22);(335, 205);(74, 75);(205, 341);(52, 205);(27, 311);(52, 309);(291, 289);(180, 264);(38, 273);(260, 189);(260, 294);(317, 330);(58, 188);(226, 205);(214, 221);(335, 240);(301, 180);(226, 309);(88, 188);(247, 3);(335, 146);(309, 205);(226, 240);(341, 239);(169, 289);(52, 341);(237, 228);(247, 289);(120, 239);(58, 62);(133, 123);(190, 38);(88, 318);(252, 34);(226, 239);(190, 248);(133, 232);(318, 58);(67, 303);(248, 38);(226, 52);(188, 289);(52, 335);(228, 180);(271, 110);(188, 62);(226, 146);(248, 273);(205, 239);(318, 188);(297, 241)
(117, 238);(335, 205);(244, 249);(222, 270);(285, 222);(297, 341);(226, 341);(137, 343);(295, 260);(241, 341);(31, 13);(306, 243);(286, 336);(39, 171);(226, 335);(295, 294);(299, 281);(205, 341);(226, 241);(260, 294);(299, 197);(13, 111);(311, 269);(79, 87);(205, 241);(297, 226);(297, 309);(31, 334);(297, 335);(196, 238);(104, 244);(252, 34);(267, 212);(315, 161);(301, 264);(334, 111);(309, 241);(301, 180);(308, 336);(237, 228);(328, 335);(335, 241);(260, 189);(297, 205);(309, 335);(237, 301);(74, 273);(311, 243);(317, 330);(301, 228);(269, 243);(328, 341);(328, 241);(226, 205);(320, 144);(296, 157);(271, 110);(228, 180);(189, 294);(237, 180);(124, 243);(85, 211);(96, 342);(306, 269);(309, 341);(295, 189);(197, 281);(226, 309);(335, 341);(180, 264);(31, 111);(228, 264);(94, 331);(13, 334);(297, 241);(237, 264);(286, 308);(285, 270);(201, 325);(296, 187);(187, 157);(309, 205);(311, 306)
(297, 335);(49, 331);(295, 260);(241, 341);(335, 205);(226, 241);(86, 305);(88, 58);(175, 316);(143, 148);(18, 294);(300, 331);(143, 115);(308, 336);(123, 316);(52, 240);(175, 300);(236, 143);(301, 228);(41, 298);(49, 175);(240, 241);(335, 341);(123, 305);(300, 11);(21, 19);(123, 86);(11, 305);(297, 341);(226, 341);(316, 86);(297, 240);(41, 331);(274, 147);(226, 335);(199, 331);(335, 239);(319, 316);(175, 86);(309, 239);(205, 132);(49, 41);(233, 276);(11, 316);(205, 241);(240, 341);(49, 300);(52, 239);(115, 148);(49, 305);(335, 241);(297, 205);(309, 335);(179, 316);(237, 301);(179, 305);(191, 196);(175, 319);(175, 11);(121, 148);(123, 319);(49, 123);(52, 241);(319, 11);(179, 41);(309, 341);(49, 316);(153, 319);(295, 294);(136, 287);(52, 309);(179, 300);(179, 86);(139, 181);(271, 110);(221, 154);(172, 22);(175, 123);(49, 179);(49, 298);(179, 199);(49, 319);(179, 175);(341, 239);(205, 341);(175, 305);(52, 205);(52, 132);(316, 305);(240, 132);(297, 226);(286, 308);(300, 199);(179, 123);(88, 164);(298, 199);(49, 86);(297, 132);(300, 298);(181, 269);(260, 189);(52, 341);(260, 294);(297, 52);(317, 330);(205, 240);(179, 69);(226, 205);(335, 240);(179, 319);(284, 255);(298, 331);(49, 199);(319, 86);(11, 86);(300, 86);(261, 14);(54, 329);(132, 239);(307, 106);(309, 205);(226, 240);(236, 148);(101, 294);(237, 228);(101, 18);(319, 305);(300, 319);(286, 336);(328, 294);(300, 41);(41, 199);(102, 132);(17, 104);(297, 309);(300, 305);(328, 18);(132, 341);(179, 298);(300, 316);(179, 11);(101, 328);(139, 269);(189, 294);(318, 58);(240, 239);(300, 123);(88, 318);(49, 11);(226, 52);(232, 41);(80, 192);(309, 240);(52, 335);(123, 11);(295, 189);(297, 239);(205, 239);(236, 115);(183, 71);(309, 132);(297, 241);(335, 132);(179, 331)
(199, 341);(194, 243);(140, 327);(257, 3);(118, 200);(15, 47);(99, 130);(217, 145);(247, 188);(290, 292);(64, 309);(61, 273);(135, 217);(297, 146);(321, 262);(290, 130);(12, 188);(327, 130);(308, 336);(327, 99);(140, 46);(136, 224);(155, 243);(100, 140);(292, 327);(335, 341);(64, 239);(15, 217);(327, 204);(297, 341);(226, 341);(36, 46);(25, 140);(33, 7);(226, 335);(146, 341);(257, 289);(99, 46);(100, 327);(309, 239);(100, 36);(292, 204);(158, 176);(100, 204);(151, 167);(140, 290);(309, 335);(155, 306);(262, 128);(100, 46);(247, 291);(25, 290);(155, 194);(36, 204);(319, 128);(301, 108);(309, 341);(46, 204);(169, 3);(271, 64);(298, 335);(309, 298);(292, 99);(36, 130);(271, 110);(46, 130);(172, 22);(319, 321);(226, 199);(335, 205);(199, 239);(15, 32);(63, 47);(64, 199);(25, 327);(140, 36);(140, 292);(306, 243);(152, 194);(290, 46);(205, 341);(140, 99);(152, 306);(319, 262);(64, 341);(169, 257);(312, 167);(286, 308);(140, 204);(205, 199);(302, 207);(280, 151);(100, 25);(327, 46);(302, 153);(25, 292);(290, 327);(152, 243);(25, 204);(226, 205);(335, 199);(312, 151);(100, 130);(100, 290);(309, 199);(153, 207);(226, 309);(292, 36);(290, 36);(312, 280);(290, 204);(247, 12);(216, 246);(309, 205);(318, 289);(341, 239);(99, 204);(169, 289);(25, 36);(64, 205);(292, 46);(226, 64);(286, 336);(36, 327);(321, 128);(183, 269);(140, 130);(310, 344);(64, 335);(194, 306);(318, 3);(100, 292);(335, 239);(100, 99);(85, 299);(226, 239);(280, 167);(155, 152);(3, 289);(291, 188);(292, 130);(12, 291);(318, 257);(32, 47);(318, 169);(205, 239);(15, 63);(25, 46);(36, 99);(135, 145);(25, 130);(290, 99);(25, 99);(63, 32);(130, 204)
(63, 135);(229, 208);(54, 111);(179, 155);(168, 51);(179, 140);(73, 250);(63, 104);(320, 126);(60, 181);(140, 324);(300, 331);(318, 62);(250, 208);(298, 69);(284, 126);(150, 246);(63, 261);(232, 155);(111, 229);(179, 298);(324, 331);(308, 336);(319, 112);(73, 329);(109, 167);(277, 343);(221, 277);(285, 203);(59, 135);(288, 112);(109, 51);(168, 27);(340, 338);(232, 324);(179, 306);(233, 276);(232, 300);(203, 223);(54, 229);(60, 98);(232, 306);(252, 187);(168, 109);(232, 140);(155, 306);(300, 324);(168, 167);(123, 69);(306, 331);(324, 298);(15, 249);(232, 331);(271, 64);(27, 109);(179, 300);(172, 22);(80, 90);(329, 250);(27, 311);(75, 273);(169, 257);(286, 308);(81, 293);(179, 123);(123, 298);(104, 135);(284, 320);(300, 298);(49, 324);(179, 232);(311, 51);(179, 69);(115, 311);(298, 331);(232, 298);(210, 122);(221, 343);(302, 258);(286, 336);(179, 324);(126, 234);(85, 293);(140, 331);(138, 282);(310, 344);(51, 167);(300, 140);(27, 51);(63, 59);(215, 250);(104, 59);(311, 109);(215, 208);(115, 51);(27, 167);(155, 331);(140, 298);(285, 223);(91, 138);(85, 81);(191, 277);(179, 331)
(136, 345);(117, 238);(257, 3);(87, 95);(229, 208);(222, 270);(164, 170);(33, 208);(183, 194);(285, 203);(71, 243);(203, 222);(71, 287);(91, 229);(310, 344);(162, 229);(223, 222);(112, 167);(183, 345);(162, 208);(286, 336);(229, 272);(136, 183);(60, 98);(318, 3);(203, 223);(223, 270);(71, 167);(91, 208);(33, 229);(250, 229);(7, 112);(284, 320);(250, 208);(284, 234);(7, 167);(296, 90);(339, 158);(208, 272);(194, 51);(291, 3);(303, 194);(20, 90);(33, 272);(7, 71);(278, 229);(296, 20);(7, 243);(203, 270);(324, 98);(303, 51);(308, 336);(33, 162);(162, 272);(91, 250);(257, 291);(302, 101);(278, 109);(278, 91);(243, 167);(214, 113);(278, 250);(278, 208);(243, 112);(71, 112);(320, 234);(286, 308);(285, 270);(211, 116);(172, 22);(274, 106)
(149, 142);(104, 14);(123, 94);(182, 340);(315, 184);(288, 231);(123, 109);(298, 311);(318, 170);(140, 331);(15, 261);(170, 291);(236, 302);(88, 318);(168, 312);(233, 276);(300, 140);(134, 243);(249, 14);(300, 331);(312, 155);(149, 334);(312, 243);(256, 78);(17, 32);(172, 108);(298, 342);(302, 288);(104, 249);(88, 170);(338, 184);(311, 342);(155, 243);(315, 338);(134, 312);(334, 142);(134, 155);(134, 207);(94, 109)
