(25, 65)
(23, 56);(65, 56);(99, 32);(23, 24);(25, 56);(99, 65);(65, 36);(23, 46);(24, 56);(25, 65);(43, 46);(36, 56);(65, 32);(99, 36);(36, 32)
(95, 85);(108, 2);(27, 65);(45, 40);(65, 44);(40, 12);(99, 32);(80, 103);(99, 65);(55, 44);(90, 95);(89, 76);(45, 37);(22, 68);(25, 32);(22, 103);(80, 55);(20, 83);(23, 12);(34, 46);(12, 9);(27, 99);(12, 37);(67, 32);(94, 15);(93, 29);(25, 36);(39, 12);(23, 11);(22, 58);(29, 43);(40, 9);(103, 44);(80, 105);(80, 32);(58, 68);(114, 41);(55, 65);(105, 65);(53, 44);(102, 47);(23, 39);(105, 44);(105, 103);(27, 32);(45, 12);(0, 31);(53, 32);(39, 3);(120, 113);(59, 12);(105, 99);(27, 44);(55, 105);(25, 65);(105, 36);(39, 11);(99, 103);(55, 53);(11, 12);(92, 61);(36, 32);(79, 12);(105, 32);(89, 43);(99, 44);(12, 46);(27, 103);(103, 32);(105, 53);(103, 65);(39, 56);(93, 108);(65, 36);(93, 43);(80, 65);(112, 118);(80, 23);(12, 4);(69, 104);(56, 3);(65, 32);(27, 105);(99, 36);(85, 88)
(108, 2);(22, 57);(83, 46);(51, 12);(2, 78);(27, 55);(50, 39);(42, 77);(25, 26);(22, 65);(102, 47);(23, 25);(37, 41);(45, 12);(93, 50);(78, 77);(59, 72);(99, 103);(121, 72);(44, 3);(15, 76);(33, 4);(90, 95);(76, 68);(22, 61);(80, 25);(27, 105);(94, 76);(102, 107);(23, 22);(22, 26);(15, 43);(32, 68);(27, 99);(89, 10);(32, 58);(89, 68);(68, 77);(94, 30);(69, 86);(92, 58);(55, 109);(36, 62);(67, 56);(90, 85);(85, 64);(31, 43);(39, 44);(115, 71);(7, 71);(10, 32);(55, 103);(101, 9);(54, 77);(84, 21);(42, 79);(89, 77);(17, 12);(53, 39);(63, 28);(27, 65);(42, 43);(31, 79);(80, 23);(70, 30);(27, 103);(0, 43);(22, 103);(101, 40);(39, 3);(95, 85);(94, 15);(65, 109);(55, 105);(12, 37);(58, 68);(12, 72);(41, 21);(89, 76);(29, 68);(30, 77);(105, 109);(103, 65);(25, 24);(32, 56);(29, 32);(27, 80);(15, 68);(50, 10);(72, 46);(48, 36);(121, 88);(59, 12);(15, 31);(64, 71);(93, 108);(94, 68);(108, 98);(7, 46);(105, 65);(67, 32);(40, 9);(93, 98);(55, 65);(53, 44);(15, 77);(25, 61);(66, 62);(15, 54);(10, 79);(7, 115);(0, 106);(80, 24);(71, 46);(66, 75);(115, 46);(56, 68)
(63, 28);(94, 76);(11, 68);(10, 68);(48, 36);(121, 88);(15, 117);(89, 76);(70, 30);(72, 73);(108, 43);(94, 68);(2, 78);(101, 40);(89, 10);(40, 9);(15, 54);(29, 39);(94, 15);(28, 75);(67, 32);(42, 77);(50, 39);(58, 68);(121, 72);(67, 56);(85, 64);(63, 75);(39, 44);(66, 62);(32, 77);(39, 68);(89, 94);(95, 85);(30, 77);(15, 76);(92, 53);(84, 21);(76, 2);(15, 79);(90, 95);(76, 68);(8, 18);(15, 68);(0, 2)
(11, 68);(48, 36);(102, 107);(121, 88);(89, 76);(70, 30);(92, 53);(51, 12);(2, 78);(101, 40);(8, 121);(63, 75);(87, 48);(28, 75);(40, 9);(58, 68);(58, 16);(121, 72);(85, 21);(85, 64);(66, 62);(92, 1);(95, 85);(72, 73);(84, 21);(90, 95);(59, 4);(8, 18);(102, 48)
(90, 95);(51, 41);(48, 36);(84, 21);(66, 75);(66, 62);(32, 77);(63, 107);(62, 75);(40, 9);(51, 12);(8, 18);(58, 16);(121, 72);(2, 78);(101, 40);(58, 68)
(63, 28);(48, 107);(95, 85);(28, 75);(48, 36);(84, 21);(32, 77);(121, 88);(66, 62);(66, 75);(89, 76);(2, 106);(40, 9);(102, 107);(51, 12);(8, 18);(92, 1);(121, 72);(2, 78);(101, 40)
(72, 73);(92, 53);(95, 21);(28, 75);(84, 21);(66, 62);(93, 53);(89, 76);(40, 9);(102, 107);(92, 1);(70, 56);(121, 72);(2, 78);(102, 48)
(92, 53);(48, 107);(95, 21);(28, 75);(84, 21);(93, 42);(66, 62);(66, 75);(62, 75);(89, 76);(93, 53);(40, 9);(102, 107);(51, 41);(92, 1);(70, 56);(121, 72);(2, 78)
(92, 53);(48, 107);(51, 41);(62, 75);(84, 21);(66, 75);(121, 88);(66, 62);(93, 42);(93, 53);(89, 76);(70, 30);(40, 9);(102, 107);(48, 75);(121, 72);(2, 78)
(63, 28);(62, 75);(92, 53);(120, 72);(28, 107);(102, 107);(31, 112);(121, 88);(66, 62);(66, 75);(93, 53);(89, 76);(40, 9);(84, 21);(51, 41);(121, 72);(102, 48)
(72, 73);(92, 53);(51, 41);(102, 107);(121, 88);(66, 62);(66, 75);(15, 54);(89, 76);(40, 9);(84, 21);(95, 85);(92, 1);(48, 75);(51, 12);(121, 72);(2, 78);(36, 75)
(63, 28);(92, 53);(36, 28);(28, 75);(102, 107);(66, 62);(93, 42);(93, 53);(89, 76);(40, 9);(84, 21);(8, 18);(53, 16);(121, 72);(95, 85);(102, 48)
(63, 28);(72, 73);(48, 107);(2, 78);(28, 75);(84, 21);(93, 42);(66, 62);(66, 75);(62, 75);(89, 76);(40, 9);(102, 107);(92, 1);(8, 18);(53, 42);(92, 53);(95, 85)
(63, 28);(92, 53);(2, 78);(28, 75);(84, 21);(121, 88);(66, 62);(93, 42);(93, 53);(89, 76);(40, 9);(92, 1);(72, 73);(121, 72);(95, 85)
(63, 28);(92, 53);(15, 54);(88, 72);(66, 28);(72, 73);(62, 75);(84, 21);(121, 88);(66, 62);(93, 42);(93, 53);(89, 76);(40, 9);(102, 107);(121, 72);(2, 78);(102, 48);(101, 40)
(72, 73);(37, 41);(84, 21);(66, 62);(93, 42);(93, 53);(89, 76);(45, 37);(40, 9);(84, 41);(45, 115);(92, 53);(2, 78);(101, 40)
(63, 28);(92, 53);(15, 54);(37, 41);(66, 62);(93, 53);(89, 76);(40, 9);(84, 41);(62, 63);(2, 78);(101, 40)
(63, 28);(72, 73);(15, 54);(66, 62);(36, 107);(48, 36);(102, 107);(93, 42);(121, 88);(54, 122);(66, 75);(93, 53);(89, 76);(40, 9);(84, 41);(8, 18);(53, 16);(121, 72);(2, 78);(101, 40)
(63, 28);(92, 53);(15, 54);(37, 41);(102, 107);(66, 62);(93, 42);(93, 53);(89, 76);(40, 9);(48, 36);(8, 18);(121, 72);(2, 78);(101, 40)
(92, 53);(15, 54);(51, 41);(89, 94);(48, 36);(84, 21);(66, 62);(31, 112);(93, 53);(89, 76);(2, 106);(40, 9);(102, 107);(97, 107);(84, 41);(48, 97);(42, 32);(121, 72);(2, 78);(102, 48);(101, 40)
(48, 36);(48, 62);(93, 42);(89, 76);(72, 73);(84, 41);(64, 41);(2, 78);(8, 121);(62, 107);(15, 54);(87, 48);(66, 28);(113, 60);(8, 95);(84, 64);(40, 9);(32, 16);(33, 73);(121, 72);(90, 85);(18, 46);(84, 90);(66, 62);(66, 107);(6, 52);(62, 63);(13, 9);(95, 85);(36, 107);(40, 41);(51, 41);(113, 41);(84, 21);(35, 75);(90, 95);(8, 18);(84, 115);(51, 12)
(59, 84);(121, 114);(31, 112);(89, 76);(35, 63);(84, 41);(7, 113);(95, 113);(66, 36);(7, 73);(8, 121);(48, 75);(59, 41);(66, 28);(36, 8);(8, 95);(84, 64);(40, 9);(2, 118);(33, 73);(45, 83);(36, 62);(38, 83);(63, 107);(93, 42);(66, 62);(66, 107);(13, 12);(45, 38);(2, 78);(45, 73);(46, 41);(29, 122);(36, 107);(104, 2);(15, 76);(36, 28);(113, 41);(84, 21);(73, 21);(93, 43);(120, 4);(62, 107);(66, 63);(120, 88);(2, 106)
(87, 103);(23, 24);(23, 26);(66, 36);(39, 32);(87, 66);(50, 39);(99, 63);(25, 15);(50, 1);(29, 30);(87, 107);(66, 107);(73, 41);(29, 11);(45, 38);(29, 56);(53, 43);(15, 76);(22, 25);(43, 30);(55, 107);(0, 108);(112, 118);(103, 62);(94, 42);(80, 25);(45, 41);(93, 30);(39, 30);(93, 77);(32, 68);(27, 99);(99, 35);(39, 58);(2, 106);(14, 109);(29, 16);(93, 1);(44, 67);(94, 30);(2, 79);(36, 62);(110, 29);(30, 1);(42, 39);(69, 112);(39, 44);(2, 43);(94, 16);(43, 1);(108, 30);(10, 32);(25, 118);(36, 107);(76, 2);(70, 29);(44, 32);(93, 43);(42, 1);(108, 53);(94, 2);(42, 43);(50, 76);(95, 73);(26, 61);(0, 56);(23, 8);(105, 87);(50, 29);(43, 56);(29, 58);(94, 77);(57, 42);(55, 62);(29, 39);(65, 109);(2, 30);(2, 118);(58, 68);(103, 66);(2, 39);(16, 30);(24, 57);(103, 107);(29, 68);(30, 77);(87, 36);(93, 39);(32, 56);(29, 32);(57, 109);(32, 30);(50, 10);(32, 1);(87, 62);(118, 56);(24, 26);(89, 76);(93, 108);(103, 28);(16, 77);(65, 62);(43, 77);(103, 36);(67, 32);(104, 2);(92, 61);(31, 78);(40, 9);(99, 38);(55, 65);(121, 72);(94, 50);(0, 29);(10, 39);(51, 7);(22, 15);(55, 87);(23, 14);(39, 43);(46, 41);(29, 122);(105, 65);(39, 1);(56, 68);(62, 107);(35, 63);(22, 8);(80, 15);(29, 67);(50, 43);(80, 18);(79, 122);(102, 14)
(42, 10);(61, 42);(35, 107);(0, 10);(108, 43);(0, 30);(66, 36);(70, 78);(39, 32);(10, 67);(87, 66);(50, 39);(78, 58);(70, 56);(25, 15);(108, 29);(54, 42);(10, 77);(93, 50);(0, 58);(87, 107);(66, 107);(55, 87);(43, 58);(29, 56);(53, 43);(92, 26);(54, 78);(22, 25);(43, 30);(55, 107);(93, 53);(108, 56);(80, 22);(103, 62);(80, 25);(92, 61);(28, 107);(2, 1);(15, 43);(39, 30);(94, 16);(93, 56);(42, 58);(50, 67);(54, 1);(0, 108);(27, 99);(65, 66);(32, 58);(87, 35);(108, 76);(15, 56);(14, 109);(93, 1);(39, 16);(10, 58);(99, 26);(87, 103);(110, 29);(63, 107);(90, 85);(53, 58);(108, 70);(15, 10);(39, 68);(53, 70);(43, 1);(23, 24);(55, 103);(36, 107);(87, 63);(70, 29);(44, 32);(92, 42);(29, 117);(93, 43);(16, 1);(53, 42);(0, 31);(0, 68);(53, 39);(63, 28);(30, 117);(70, 11);(1, 77);(26, 61);(0, 56);(80, 23);(70, 30);(94, 43);(43, 56);(108, 10);(29, 58);(44, 67);(50, 42);(55, 62);(78, 106);(93, 29);(65, 109);(70, 1);(42, 44);(0, 50);(102, 57);(0, 106);(103, 66);(58, 68);(50, 32);(54, 56);(53, 32);(16, 30);(39, 77);(10, 44);(50, 58);(94, 31);(103, 107);(119, 120);(30, 77);(87, 36);(108, 1);(103, 65);(70, 43);(44, 58);(57, 109);(93, 44);(53, 1);(15, 68);(65, 107);(102, 48);(50, 10);(87, 62);(31, 68);(93, 42);(65, 79);(93, 108);(31, 67);(103, 28);(76, 42);(30, 56);(43, 77);(103, 36);(15, 54);(105, 65);(67, 32);(108, 58);(31, 78);(53, 2);(40, 9);(53, 68);(105, 107);(55, 65);(16, 77);(2, 16);(31, 10);(31, 39);(10, 39);(119, 75);(25, 103);(22, 15);(26, 42);(66, 28);(36, 28);(50, 68);(62, 107);(35, 63);(2, 77);(80, 15);(56, 117);(53, 56)
(63, 28);(57, 61);(87, 62);(11, 68);(28, 107);(27, 23);(55, 75);(93, 42);(31, 112);(35, 107);(35, 62);(108, 43);(23, 65);(54, 1);(2, 78);(66, 36);(22, 99);(15, 54);(66, 28);(35, 63);(87, 28);(108, 58);(55, 22);(27, 99);(55, 105);(40, 9);(58, 68);(55, 65);(22, 65);(107, 75);(63, 107);(90, 85);(22, 24);(27, 24);(87, 107);(66, 107);(35, 66);(39, 68);(62, 28);(62, 63);(112, 79);(0, 30);(36, 107);(105, 65);(36, 28);(87, 63);(55, 99);(93, 53);(2, 106);(62, 107);(87, 35);(14, 65);(53, 42);(15, 68);(55, 24);(102, 48);(50, 10)
(22, 99);(27, 23);(15, 54);(105, 65);(57, 61);(93, 42);(89, 76);(40, 9);(27, 75);(23, 26);(2, 78);(55, 24)
(27, 23);(15, 54);(80, 75);(57, 61);(23, 75);(25, 24);(55, 23);(89, 76);(40, 9);(58, 68);(80, 25);(55, 24);(55, 103);(27, 75)
(22, 99);(27, 23);(15, 54);(105, 65);(57, 61);(25, 24);(99, 75);(89, 76);(93, 53);(40, 9);(55, 24);(55, 103)
(22, 99);(57, 61);(15, 54);(89, 94);(105, 65);(27, 23);(27, 80);(55, 22);(22, 26);(93, 53);(89, 76);(14, 109);(40, 9);(58, 68);(23, 26);(80, 25);(99, 75)
(22, 99);(27, 23);(15, 54);(89, 94);(105, 65);(55, 22);(31, 112);(55, 23);(89, 76);(61, 75);(40, 9);(58, 68);(80, 25)
(22, 99);(27, 23);(89, 94);(105, 65);(31, 112);(55, 23);(89, 76);(40, 9);(23, 26);(80, 25);(80, 24)
(22, 99);(27, 23);(105, 65);(55, 22);(99, 65);(31, 112);(89, 76);(55, 103);(40, 9);(55, 99);(23, 26);(80, 25);(99, 103);(55, 105);(25, 24)
(22, 99);(27, 23);(27, 26);(25, 75);(55, 22);(31, 112);(89, 76);(40, 9);(55, 99);(57, 65);(23, 26);(25, 24)
(22, 99);(27, 23);(27, 26);(57, 61);(31, 112);(89, 76);(27, 103);(40, 9);(55, 99);(110, 11);(14, 109);(23, 26);(80, 25);(65, 61)
(22, 99);(27, 23);(15, 54);(105, 65);(25, 24);(89, 76);(40, 9);(26, 75);(110, 11);(80, 24);(23, 25)
(22, 99);(27, 23);(15, 54);(105, 65);(105, 109);(25, 24);(89, 76);(40, 9);(27, 75);(80, 25);(55, 103);(14, 61)
(27, 23);(15, 54);(25, 75);(105, 65);(23, 75);(25, 24);(31, 112);(89, 76);(55, 103);(40, 9);(14, 109);(23, 26);(65, 109);(80, 25);(99, 103);(80, 24);(55, 24);(23, 103);(27, 22)
(22, 99);(27, 23);(15, 54);(80, 75);(105, 65);(27, 24);(65, 109);(31, 112);(27, 26);(89, 76);(40, 9);(14, 65);(14, 109);(23, 26);(110, 11);(23, 24);(55, 103)
(22, 99);(27, 23);(27, 26);(105, 65);(57, 61);(27, 24);(55, 24);(31, 112);(15, 54);(89, 76);(40, 9);(23, 26);(80, 25);(65, 61);(23, 24)
(110, 11);(27, 23);(15, 54);(105, 65);(27, 24);(31, 112);(27, 26);(89, 76);(40, 9);(80, 25);(65, 61);(23, 24);(55, 103);(14, 61)
(22, 99);(27, 23);(27, 26);(105, 65);(27, 24);(55, 23);(89, 76);(24, 26);(40, 9);(80, 23);(23, 26);(80, 25);(23, 24);(27, 99)
(22, 99);(27, 80);(80, 75);(105, 65);(27, 24);(24, 26);(89, 76);(40, 9);(23, 26);(80, 25);(27, 26);(65, 75);(44, 3)
(22, 99);(100, 106);(27, 26);(89, 94);(105, 65);(66, 63);(27, 25);(89, 76);(55, 103);(40, 9);(66, 36)
(100, 106);(27, 26);(10, 11);(42, 10);(39, 56);(31, 112);(11, 106);(89, 76);(108, 43);(2, 78);(100, 1);(27, 99);(22, 99);(0, 54);(15, 54);(112, 56);(105, 65);(100, 39);(70, 31);(55, 24);(44, 56);(40, 9);(0, 70);(2, 118);(31, 56);(100, 2);(32, 3);(54, 42);(108, 77);(27, 23);(0, 31);(39, 44);(100, 15);(100, 68);(0, 32);(10, 39);(29, 56);(39, 11);(112, 44);(104, 118);(125, 42);(42, 79);(78, 1);(0, 42);(54, 29);(80, 25);(81, 112);(42, 118);(67, 68)
(57, 61);(27, 65);(42, 109);(53, 29);(80, 23);(105, 42);(65, 39);(27, 99);(54, 30);(14, 42);(55, 31);(22, 16);(40, 9);(39, 11);(54, 42);(16, 77);(23, 39);(80, 39);(23, 25);(25, 11);(23, 29);(22, 15);(55, 23);(80, 25);(65, 42);(65, 11);(105, 65);(0, 31);(23, 108);(15, 16);(15, 58);(105, 39)
(24, 57);(105, 42);(30, 1);(24, 61);(105, 65);(57, 61);(125, 30);(42, 109);(40, 9);(65, 42);(28, 119)
(57, 61);(23, 2);(104, 118);(81, 43);(23, 50);(43, 118);(40, 9);(27, 81);(81, 118);(23, 79);(27, 99);(69, 104)
(107, 112);(57, 61);(105, 42);(105, 65);(104, 43);(61, 75);(40, 9);(27, 81);(81, 108);(23, 26);(65, 42);(23, 25);(25, 42);(27, 99);(50, 42)
(94, 43);(50, 42);(105, 65);(65, 50);(25, 2);(104, 43);(22, 79);(94, 104);(23, 2);(40, 9);(97, 28);(27, 81);(23, 79);(81, 108);(22, 50);(81, 99);(16, 77);(27, 99);(23, 25)
(57, 61);(105, 65);(80, 22);(16, 30);(23, 22);(22, 79);(40, 9);(65, 42);(23, 79);(81, 108);(80, 25)
(57, 61);(105, 42);(14, 42);(80, 26);(105, 65);(65, 50);(63, 107);(89, 86);(42, 109);(22, 26);(23, 2);(61, 75);(40, 9);(80, 22);(23, 79);(81, 108);(65, 42);(105, 50);(50, 42)
(57, 61);(97, 28);(42, 109);(105, 42);(65, 42);(80, 26);(108, 43);(25, 26);(14, 42);(105, 65);(15, 30);(23, 2);(61, 75);(40, 9);(108, 110);(57, 75);(81, 108);(105, 50);(30, 77);(65, 50);(80, 22);(23, 79);(80, 25)
(57, 61);(109, 79);(16, 68);(69, 43);(42, 109);(14, 50);(70, 32);(65, 50);(105, 50);(39, 30);(93, 2);(80, 26);(32, 68);(68, 77);(25, 26);(57, 75);(94, 15);(105, 65);(67, 32);(65, 109);(15, 30);(23, 2);(61, 75);(40, 9);(15, 11);(15, 70);(15, 39);(2, 79);(100, 2);(70, 68);(15, 77);(22, 26);(39, 44);(2, 43);(22, 25);(39, 68);(11, 56);(44, 68);(65, 42);(30, 77);(94, 43);(105, 42);(44, 32);(105, 53);(32, 56);(39, 56);(56, 3);(10, 82);(80, 22);(23, 79);(70, 77);(80, 25);(11, 77)
(57, 61);(16, 68);(53, 43);(42, 82);(65, 50);(50, 11);(15, 30);(42, 10);(44, 56);(69, 2);(70, 68);(76, 82);(15, 29);(58, 16);(15, 1);(50, 79);(82, 56);(79, 11);(23, 79);(80, 25);(11, 77);(11, 16);(39, 79);(14, 50);(42, 58);(54, 1);(27, 99);(42, 11);(32, 58);(80, 22);(14, 109);(61, 75);(68, 77);(0, 11);(32, 16);(79, 82);(100, 2);(100, 104);(39, 44);(2, 43);(92, 1);(105, 50);(29, 16);(70, 29);(69, 43);(29, 117);(93, 43);(42, 79);(11, 82);(70, 58);(15, 58);(0, 56);(15, 32);(80, 26);(29, 58);(44, 67);(50, 42);(65, 109);(70, 1);(42, 44);(58, 68);(11, 56);(81, 43);(10, 44);(79, 68);(0, 100);(76, 79);(109, 79);(29, 32);(44, 11);(15, 68);(81, 112);(58, 1);(32, 68);(70, 32);(105, 42);(50, 53);(14, 42);(105, 65);(35, 63);(42, 39);(40, 9);(16, 77);(92, 70);(42, 56);(29, 77);(39, 67);(50, 68);(10, 56);(42, 78);(70, 77)
(100, 106);(42, 10);(54, 79);(0, 100);(42, 82);(65, 50);(0, 10);(93, 15);(89, 94);(44, 56);(23, 25);(70, 68);(79, 1);(45, 38);(43, 58);(42, 78);(0, 1);(29, 82);(50, 79);(7, 114);(80, 22);(78, 1);(23, 79);(80, 25);(59, 9);(42, 67);(11, 77);(11, 16);(92, 61);(50, 56);(42, 109);(14, 50);(94, 29);(15, 43);(32, 68);(29, 79);(27, 99);(59, 41);(99, 35);(0, 77);(0, 11);(2, 79);(42, 32);(70, 16);(0, 42);(39, 44);(15, 10);(18, 21);(29, 16);(70, 29);(29, 10);(93, 43);(42, 79);(52, 38);(42, 1);(68, 1);(15, 58);(94, 82);(70, 11);(80, 23);(0, 50);(0, 94);(44, 67);(0, 15);(65, 109);(42, 44);(23, 2);(94, 106);(15, 39);(79, 68);(27, 63);(23, 22);(79, 58);(58, 68);(0, 78);(29, 42);(10, 44);(50, 58);(59, 95);(65, 42);(29, 68);(109, 79);(29, 32);(69, 104);(50, 10);(15, 44);(10, 11);(58, 1);(32, 56);(105, 42);(63, 119);(35, 103);(2, 106);(92, 50);(14, 42);(105, 65);(10, 56);(67, 32);(61, 42);(40, 9);(11, 1);(45, 52);(16, 77);(50, 54);(100, 10);(10, 39);(15, 53);(10, 79);(42, 56);(29, 77);(10, 1);(29, 11);(27, 35);(104, 2);(39, 67);(94, 79);(50, 44);(50, 68);(42, 39);(70, 77);(52, 5);(94, 100);(56, 117)
(100, 106);(42, 10);(100, 112);(93, 15);(100, 1);(0, 70);(100, 117);(100, 11);(76, 1);(45, 38);(42, 78);(11, 78);(53, 43);(99, 103);(0, 1);(100, 69);(93, 53);(78, 1);(94, 42);(93, 100);(11, 77);(100, 50);(100, 79);(15, 43);(32, 68);(27, 99);(52, 95);(0, 77);(0, 11);(100, 76);(100, 2);(100, 29);(82, 77);(100, 68);(100, 104);(39, 44);(100, 118);(29, 16);(92, 100);(10, 82);(42, 79);(0, 68);(11, 82);(100, 70);(78, 77);(27, 103);(44, 67);(78, 106);(0, 50);(10, 78);(106, 1);(42, 16);(23, 22);(100, 42);(94, 78);(0, 78);(29, 42);(100, 77);(100, 3);(0, 100);(82, 1);(69, 104);(10, 11);(0, 82);(100, 78);(100, 44);(63, 119);(35, 103);(93, 43);(108, 98);(78, 16);(100, 82);(100, 16);(40, 9);(93, 98);(16, 77);(100, 10);(100, 15);(15, 53);(10, 79);(10, 1);(30, 68);(100, 43);(94, 79);(50, 68);(56, 117);(2, 106)
(100, 106);(92, 43);(42, 10);(42, 16);(23, 22);(50, 82);(94, 29);(70, 30);(15, 43);(94, 10);(94, 16);(32, 68);(76, 29);(35, 103);(2, 106);(27, 99);(44, 67);(50, 42);(50, 77);(93, 15);(42, 11);(42, 106);(0, 50);(42, 78);(0, 100);(106, 1);(94, 50);(82, 77);(11, 30);(15, 53);(32, 117);(11, 78);(53, 43);(30, 68);(30, 77);(94, 79);(86, 76);(93, 53);(93, 43);(42, 79);(94, 42);(0, 42);(32, 30);(100, 31);(50, 10);(56, 117);(11, 77)
(10, 11);(92, 43);(42, 10);(89, 76);(94, 104);(15, 43);(0, 10);(32, 68);(30, 56);(44, 67);(50, 42);(42, 11);(30, 117);(23, 73);(40, 9);(0, 11);(10, 78);(69, 58);(0, 106);(106, 1);(100, 2);(31, 42);(82, 77);(0, 31);(79, 98);(10, 106);(63, 119);(0, 78);(43, 58);(42, 78);(101, 8);(29, 56);(53, 43);(17, 13);(57, 73);(23, 57);(94, 79);(44, 32);(86, 76);(104, 42);(93, 43);(42, 79);(79, 11);(94, 42);(0, 42);(31, 2);(32, 30);(100, 31);(56, 117);(102, 48);(15, 58);(50, 10)
(89, 29);(42, 43);(11, 78);(100, 106);(44, 77);(15, 67);(10, 77);(93, 42);(69, 68);(42, 44);(15, 43);(0, 43);(94, 10);(0, 69);(63, 119);(108, 43);(0, 30);(10, 11);(30, 56);(44, 67);(94, 11);(42, 68);(11, 30);(67, 32);(108, 42);(104, 11);(92, 15);(15, 42);(40, 9);(104, 1);(0, 11);(16, 117);(0, 106);(53, 11);(56, 77);(53, 44);(0, 29);(117, 77);(15, 39);(100, 29);(82, 77);(0, 117);(58, 68);(53, 32);(69, 29);(29, 30);(70, 42);(67, 56);(48, 119);(53, 29);(10, 32);(31, 79);(29, 77);(29, 56);(53, 43);(30, 68);(10, 67);(30, 77);(23, 57);(86, 76);(50, 44);(44, 32);(16, 77);(32, 56);(94, 104);(2, 106);(94, 117);(82, 16);(53, 42);(0, 42);(44, 11);(10, 16);(53, 10);(11, 82);(102, 48);(53, 56);(11, 77)
(100, 106);(10, 11);(31, 79);(0, 43);(42, 43);(67, 32);(42, 77);(67, 82);(44, 56);(40, 9);(58, 68);(42, 32);(82, 77);(15, 77);(29, 30);(53, 1);(48, 119);(29, 77);(29, 56);(82, 30);(57, 73);(30, 77);(23, 57);(94, 108);(29, 10);(2, 106);(42, 79);(35, 63);(78, 1);(15, 30);(56, 77);(15, 82);(11, 82);(15, 16);(53, 77);(101, 8)
(89, 29);(42, 43);(29, 56);(29, 10);(10, 77);(0, 43);(89, 44);(76, 11);(108, 10);(10, 11);(27, 99);(94, 77);(10, 30);(94, 15);(48, 63);(67, 32);(15, 30);(79, 106);(15, 42);(44, 56);(11, 1);(108, 11);(29, 3);(11, 56);(100, 2);(36, 32);(100, 79);(82, 77);(15, 77);(94, 30);(29, 42);(10, 44);(15, 10);(42, 56);(32, 11);(23, 97);(29, 77);(10, 1);(36, 67);(30, 77);(23, 57);(108, 1);(48, 35);(39, 56);(56, 3);(29, 32);(2, 106);(42, 79);(35, 63);(94, 42);(76, 10);(11, 82);(42, 77);(11, 77)
(19, 72);(81, 11);(10, 11);(36, 67);(27, 66);(23, 22);(15, 32);(48, 66);(33, 18);(72, 30);(56, 3);(57, 97);(108, 112);(0, 43);(29, 58);(27, 99);(18, 44);(89, 10);(29, 44);(29, 39);(48, 63);(10, 56);(19, 113);(78, 106);(15, 42);(26, 44);(40, 9);(99, 63);(94, 106);(69, 58);(58, 68);(106, 1);(29, 3);(11, 56);(100, 2);(23, 57);(23, 68);(15, 77);(44, 11);(11, 30);(51, 29);(29, 42);(23, 29);(32, 77);(10, 44);(29, 11);(42, 78);(92, 78);(10, 1);(22, 28);(29, 68);(27, 63);(104, 79);(36, 32);(15, 76);(113, 60);(27, 35);(48, 35);(42, 106);(29, 10);(11, 3);(29, 32);(62, 107);(35, 63);(78, 1);(94, 42);(35, 66);(42, 1);(32, 30);(11, 82);(29, 56);(57, 28)
(11, 106);(42, 10);(23, 22);(35, 107);(48, 66);(26, 40);(0, 43);(20, 83);(108, 112);(26, 44);(62, 107);(35, 66);(51, 13);(99, 35);(48, 63);(12, 114);(48, 99);(102, 121);(13, 21);(40, 9);(99, 63);(15, 104);(58, 68);(106, 1);(23, 97);(11, 56);(100, 2);(0, 106);(19, 72);(52, 13);(66, 62);(29, 67);(66, 107);(10, 44);(26, 9);(13, 37);(42, 78);(18, 12);(13, 72);(22, 28);(27, 66);(63, 107);(27, 35);(104, 79);(23, 57);(15, 76);(11, 3);(18, 3);(66, 63);(89, 19);(29, 10);(56, 3);(42, 79);(35, 63);(18, 29);(42, 1);(26, 10);(13, 9);(100, 31);(57, 28)
(51, 40);(42, 10);(100, 112);(51, 12);(92, 16);(87, 66);(87, 107);(66, 107);(51, 114);(29, 11);(45, 38);(3, 77);(8, 12);(55, 107);(10, 5);(32, 12);(78, 1);(22, 32);(94, 76);(23, 107);(23, 22);(72, 21);(53, 29);(94, 29);(56, 3);(12, 113);(9, 113);(32, 68);(103, 61);(27, 99);(49, 107);(23, 40);(95, 64);(9, 64);(63, 107);(23, 49);(32, 114);(62, 28);(43, 79);(36, 32);(52, 13);(33, 13);(106, 77);(89, 19);(11, 3);(13, 113);(13, 60);(42, 1);(89, 53);(11, 82);(51, 9);(29, 19);(13, 37);(26, 40);(12, 83);(23, 36);(55, 62);(18, 12);(51, 4);(12, 114);(15, 104);(0, 106);(29, 3);(103, 66);(116, 38);(49, 61);(10, 44);(26, 9);(53, 12);(43, 106);(7, 83);(53, 10);(22, 49);(89, 29);(87, 62);(29, 9);(55, 66);(51, 98);(23, 32);(32, 40);(43, 77);(66, 61);(82, 16);(40, 9);(29, 12);(41, 21);(16, 77);(72, 4);(38, 72);(36, 40);(66, 62);(53, 8);(2, 10);(13, 9);(61, 107);(100, 31);(23, 57);(38, 4);(15, 2);(62, 107);(35, 63);(102, 121);(45, 72);(29, 67);(67, 58)
(22, 57);(4, 41);(94, 53);(19, 4);(51, 12);(23, 26);(66, 36);(12, 64);(15, 11);(116, 72);(84, 46);(4, 71);(66, 107);(55, 87);(45, 38);(42, 78);(2, 90);(8, 12);(95, 64);(80, 22);(78, 1);(8, 18);(84, 41);(36, 29);(23, 22);(92, 53);(26, 49);(103, 61);(27, 99);(14, 109);(12, 41);(23, 36);(38, 41);(85, 64);(90, 64);(62, 28);(105, 50);(36, 32);(52, 13);(22, 49);(89, 19);(45, 37);(22, 36);(13, 60);(42, 1);(3, 77);(105, 66);(22, 103);(84, 72);(49, 50);(105, 10);(18, 12);(65, 109);(27, 25);(55, 105);(12, 37);(12, 114);(94, 106);(15, 104);(58, 68);(90, 19);(0, 106);(8, 46);(51, 29);(49, 61);(57, 26);(89, 76);(53, 78);(51, 114);(84, 12);(57, 32);(44, 11);(105, 103);(50, 10);(58, 1);(12, 58);(45, 12);(64, 71);(50, 77);(82, 16);(14, 65);(29, 12);(78, 58);(41, 21);(16, 77);(15, 77);(38, 72);(100, 15);(66, 62);(2, 10);(31, 77);(103, 63);(80, 109);(57, 36);(89, 50);(105, 53);(51, 90);(35, 63);(102, 121);(45, 72);(20, 46)
(26, 49);(23, 22);(19, 4);(89, 76);(22, 68);(24, 99);(51, 12);(23, 26);(103, 61);(65, 62);(27, 99);(101, 40);(105, 65);(35, 63);(87, 28);(27, 25);(14, 109);(55, 105);(35, 28);(23, 68);(85, 64);(23, 49);(49, 61);(66, 62);(55, 87);(80, 14);(52, 13);(23, 61);(22, 36);(8, 18);(84, 41);(20, 46)
(62, 91);(19, 4);(89, 76);(72, 73);(38, 20);(84, 41);(103, 61);(35, 91);(27, 99);(105, 65);(39, 58);(27, 25);(55, 105);(35, 28);(25, 66);(49, 61);(55, 87);(22, 48);(63, 91);(27, 66);(52, 13);(84, 21);(103, 91);(35, 63);(11, 56);(8, 18);(28, 91);(61, 91)
(62, 91);(35, 63);(49, 61);(27, 25);(19, 4);(55, 87);(89, 76);(55, 105);(72, 73);(63, 91);(84, 41);(8, 18);(28, 91);(35, 28);(103, 61);(35, 91)
(80, 22);(49, 61);(19, 4);(45, 37);(89, 76);(55, 87);(38, 20);(84, 41);(8, 18);(121, 72);(103, 61);(97, 36);(101, 40)
(63, 91);(80, 22);(27, 25);(19, 4);(55, 87);(89, 76);(14, 109);(38, 20);(35, 63);(84, 41);(39, 82);(23, 91);(51, 12);(121, 72);(103, 61);(97, 36);(35, 91);(101, 40)
(66, 62);(22, 24);(35, 63);(27, 25);(19, 4);(55, 87);(89, 76);(14, 109);(72, 73);(38, 20);(56, 3);(51, 12);(97, 36);(84, 41);(121, 72);(103, 61);(12, 41);(8, 18)
(72, 73);(66, 62);(66, 107);(28, 91);(38, 20);(103, 91);(27, 25);(19, 4);(55, 87);(89, 76);(55, 105);(8, 9);(35, 63);(51, 12);(97, 36);(23, 26);(11, 56);(84, 41);(103, 61);(35, 91);(103, 63)
(62, 91);(19, 4);(89, 76);(38, 20);(84, 41);(23, 26);(103, 61);(27, 99);(105, 65);(80, 22);(27, 25);(35, 91);(66, 91);(44, 11);(49, 61);(66, 107);(55, 87);(97, 36);(107, 91);(84, 21);(90, 95);(35, 63);(8, 18);(28, 91)
(19, 4);(84, 21);(49, 61);(26, 61);(27, 25);(66, 107);(55, 87);(97, 36);(11, 3);(35, 63);(24, 99);(35, 28);(89, 76);(23, 26);(103, 91);(51, 12);(121, 72);(103, 61);(35, 91)
(22, 57);(19, 4);(89, 76);(56, 3);(51, 12);(105, 65);(35, 63);(14, 109);(44, 56);(35, 28);(11, 56);(121, 72);(47, 48);(48, 26);(49, 61);(66, 62);(66, 107);(55, 87);(97, 36);(62, 28);(80, 24);(52, 13);(103, 91);(80, 22);(8, 18)
(8, 18);(19, 40);(22, 57);(105, 65);(80, 22);(49, 61);(19, 4);(55, 87);(97, 36);(66, 107);(62, 28);(56, 3);(35, 63);(51, 12);(89, 76);(8, 9);(121, 72);(80, 24);(43, 106);(0, 106)
(19, 40);(72, 73);(87, 63);(89, 76);(80, 22);(19, 4);(55, 87);(97, 36);(14, 109);(8, 9);(35, 63);(0, 106);(23, 26);(11, 56);(23, 91);(121, 72);(103, 61)
(52, 13);(37, 41);(62, 28);(39, 44);(66, 107);(66, 62);(19, 4);(55, 87);(89, 76);(11, 3);(80, 22);(56, 3);(35, 63);(38, 20);(0, 106);(44, 11);(11, 56);(23, 91);(121, 72)
(19, 40);(37, 41);(25, 107);(19, 4);(66, 107);(8, 9);(35, 63);(56, 3);(51, 12);(0, 106);(44, 11);(80, 14);(59, 4);(121, 72);(80, 24)
(52, 13);(37, 41);(22, 57);(19, 4);(66, 62);(66, 107);(90, 95);(35, 63);(56, 3);(59, 113);(51, 12);(0, 106);(44, 11);(103, 61);(44, 67)
(37, 41);(22, 57);(23, 26);(62, 28);(66, 107);(19, 4);(55, 105);(80, 22);(56, 3);(51, 12);(0, 106);(44, 11);(24, 109);(35, 28);(101, 40);(8, 18)
(37, 41);(22, 57);(80, 22);(19, 4);(44, 67);(66, 107);(89, 76);(35, 63);(56, 3);(51, 12);(8, 18);(80, 14);(103, 61);(43, 44);(101, 40);(0, 106)
(22, 57);(59, 12);(89, 76);(8, 9);(56, 3);(23, 26);(103, 61);(105, 65);(80, 22);(14, 109);(35, 28);(0, 106);(49, 61);(121, 72);(37, 41);(85, 64);(19, 4);(66, 62);(66, 107);(55, 87);(7, 115);(25, 107);(35, 63);(8, 18)
(19, 4);(72, 73);(55, 35);(23, 26);(40, 60);(59, 41);(44, 56);(105, 62);(8, 60);(22, 28);(37, 41);(66, 107);(55, 87);(6, 114);(53, 43);(59, 72);(99, 103);(121, 9);(44, 3);(22, 66);(40, 38);(90, 95);(103, 62);(8, 18);(22, 61);(27, 105);(7, 21);(23, 107);(92, 53);(109, 113);(56, 3);(103, 61);(27, 99);(22, 62);(65, 66);(40, 73);(79, 118);(33, 59);(38, 64);(14, 109);(23, 36);(23, 49);(39, 44);(105, 99);(99, 62);(90, 106);(23, 109);(51, 72);(25, 107);(14, 65);(102, 24);(50, 41);(105, 66);(80, 23);(27, 103);(61, 109);(52, 40);(50, 104);(44, 67);(8, 121);(36, 109);(95, 85);(55, 105);(12, 37);(0, 106);(13, 40);(11, 56);(79, 40);(52, 13);(39, 106);(35, 109);(49, 61);(55, 61);(10, 44);(65, 61);(80, 14);(35, 49);(38, 46);(84, 12);(25, 109);(25, 24);(23, 61);(40, 21);(40, 106);(52, 72);(65, 107);(50, 10);(79, 3);(59, 12);(39, 3);(89, 76);(8, 40);(50, 53);(92, 50);(105, 65);(102, 61);(105, 107);(35, 28);(27, 107);(55, 65);(22, 107);(121, 72);(59, 73);(52, 38);(66, 62);(7, 115);(23, 14);(40, 72);(103, 63);(27, 62);(0, 41);(80, 24);(22, 84);(0, 79);(59, 114);(62, 107);(35, 63);(102, 121);(72, 37)
(100, 106);(4, 41);(10, 68);(78, 68);(35, 28);(50, 31);(93, 108);(107, 118);(23, 26);(33, 6);(59, 41);(50, 11);(27, 99);(50, 42);(33, 114);(62, 107);(42, 11);(100, 41);(105, 65);(4, 114);(33, 59);(42, 44);(14, 109);(44, 56);(18, 38);(79, 40);(0, 106);(40, 38);(33, 11);(49, 31);(23, 68);(31, 11);(102, 105);(0, 31);(10, 39);(45, 38);(55, 105);(42, 78);(59, 100);(29, 56);(26, 42);(0, 41);(99, 103);(50, 117);(35, 49);(119, 120);(44, 3);(42, 68);(103, 68);(26, 68);(23, 42);(27, 103);(60, 41);(33, 4);(102, 48);(40, 73);(102, 121);(78, 1);(52, 38);(50, 41);(68, 1);(23, 66);(53, 56);(33, 41)
(23, 68);(42, 68);(23, 42);(103, 120);(105, 22);(55, 119);(55, 105);(62, 107);(27, 103);(26, 68);(23, 26);(26, 42);(99, 103);(27, 99)
(99, 120);(27, 120);(103, 120);(105, 22);(55, 105);(62, 107)
(99, 120);(27, 120);(103, 120);(80, 66);(55, 105);(62, 107);(27, 99)
(99, 120);(27, 120);(103, 120);(55, 105);(62, 107);(27, 103);(27, 99)
(99, 120);(27, 103);(103, 120);(27, 99);(27, 120)
(27, 120);(27, 103);(62, 107)
(27, 120);(103, 120);(105, 22);(55, 105);(62, 107);(27, 103);(27, 99)
(103, 120);(55, 105);(62, 107);(27, 103);(75, 120);(99, 103);(27, 99)
(75, 120);(62, 107);(62, 120);(107, 120)
(93, 70);(39, 78);(107, 75);(55, 107);(66, 62);(70, 31);(55, 105);(62, 107);(78, 1);(29, 120);(107, 120);(39, 11);(110, 98);(11, 78);(44, 3)
(53, 29);(29, 120);(22, 31);(10, 56);(15, 30);(22, 58);(55, 105);(55, 3);(39, 11);(53, 120);(58, 56);(0, 58);(66, 62);(0, 100);(125, 100);(44, 3);(76, 117);(31, 58);(62, 107);(100, 58);(67, 82);(0, 31);(53, 56);(50, 10)
(76, 117);(62, 107);(66, 62);(31, 58)
(62, 107);(29, 44);(31, 58)
(66, 62);(31, 58);(44, 120)
(31, 58)
(66, 62);(26, 97);(31, 58)
(29, 44);(66, 62);(29, 120);(31, 58);(44, 120)
(50, 77);(29, 120);(31, 58)
(66, 62);(66, 107);(31, 58);(62, 107);(29, 3);(44, 3)
(5, 73);(40, 64);(9, 46);(0, 58);(67, 32);(66, 62);(66, 107);(31, 58);(62, 107);(11, 91);(0, 100)
(59, 64);(59, 40);(40, 64);(53, 29)
None
None
(22, 26)
None
None
None
None
None
None
None
None
None
None
None
None
None
None
None
None
None
None
None
None
None
None
None
None
None
None
None
None
None
None
None
None
None
None
None
None
None
None
None
None
None
None
None
None
None
None
None
None
None
None
None
None
None
None
None
None
None
None
None
None
None
None
None
None
None
None
None
None
None
None
None
None
None
None
None
None
None
None
None
None
None
None
None
None
None
None
None
None
None
None
None
None
None
None
None
None
None
None
None
None
None
None
None
None
None
None
None
None
None
None
None
None
None
None
None
None
None
None
None
None
None
None
None
None
None
None
None
None
None
None
(67, 56);(10, 68);(68, 5);(36, 68);(26, 68);(43, 46);(32, 68);(10, 3);(44, 67);(44, 56);(105, 10);(105, 68);(105, 44);(23, 68);(68, 3);(10, 44);(105, 23);(44, 68);(36, 67);(43, 79);(36, 32);(10, 5);(25, 68);(105, 67);(56, 68);(10, 56);(19, 12);(105, 56)
(65, 67);(7, 12);(33, 45);(36, 68);(19, 4);(13, 37);(22, 68);(59, 113);(0, 10);(32, 68);(27, 99);(44, 67);(23, 36);(10, 43);(105, 65);(92, 61);(44, 56);(40, 9);(0, 70);(0, 11);(32, 16);(105, 11);(58, 68);(105, 68);(29, 3);(11, 56);(19, 12);(17, 79);(36, 62);(105, 44);(23, 68);(44, 11);(80, 68);(59, 12);(2, 43);(105, 23);(45, 38);(33, 5);(69, 79);(81, 93);(43, 79);(36, 32);(10, 5);(15, 2);(44, 32);(70, 43);(59, 79);(105, 61);(70, 10);(59, 19);(22, 36);(38, 46);(12, 4);(59, 4);(15, 43);(33, 60);(44, 58);(79, 4);(62, 68);(105, 56);(0, 2)
(10, 11);(86, 44);(81, 93);(93, 42);(19, 4);(43, 3);(64, 71);(81, 98);(15, 43);(0, 43);(59, 113);(51, 12);(108, 43);(32, 68);(110, 67);(42, 43);(2, 106);(44, 67);(40, 4);(10, 43);(105, 65);(13, 120);(0, 70);(59, 12);(44, 82);(0, 112);(58, 68);(18, 9);(29, 3);(11, 56);(15, 77);(79, 82);(85, 64);(15, 32);(15, 10);(29, 11);(45, 38);(7, 115);(120, 4);(81, 108);(23, 109);(81, 112);(31, 10);(32, 58);(52, 13);(92, 53);(15, 2);(84, 21);(44, 58);(2, 11);(0, 108);(8, 18);(0, 31);(82, 56);(115, 71);(50, 10);(53, 56);(92, 56)
(52, 13);(64, 21);(84, 21);(33, 113);(39, 82);(45, 38);(7, 115);(59, 113);(84, 41);(84, 51)
(11, 56);(45, 38);(7, 115);(59, 113);(84, 41);(110, 67);(2, 78)
(39, 68);(85, 64);(100, 69);(51, 17);(11, 56);(45, 38);(7, 115);(59, 113);(84, 41);(110, 67);(121, 72);(2, 106)
(100, 106);(64, 21);(85, 64);(100, 69);(43, 98);(51, 17);(45, 38);(7, 115);(59, 113);(84, 41);(11, 56);(121, 72);(2, 78)
(52, 13);(37, 41);(13, 120);(51, 17);(93, 42);(45, 38);(7, 115);(59, 113);(84, 41);(13, 72);(11, 56);(121, 72)
(52, 13);(37, 41);(51, 17);(45, 38);(7, 115);(59, 113);(84, 41);(11, 56);(121, 72)
(52, 13);(89, 94);(85, 64);(51, 17);(45, 38);(0, 70);(84, 41);(121, 72)
(89, 94);(85, 64);(51, 17);(45, 38);(56, 3);(84, 41);(121, 72)
(52, 13);(72, 73);(37, 41);(51, 17);(31, 112);(45, 38);(59, 113);(84, 41);(29, 3);(50, 10)
(52, 13);(37, 41);(29, 82);(72, 73);(87, 124);(51, 17);(45, 38);(84, 41)
(87, 124);(80, 99);(33, 113);(72, 73);(29, 44);(84, 41);(27, 99);(35, 66);(89, 94);(55, 124);(0, 70);(102, 57);(33, 73);(74, 99);(37, 41);(66, 107);(55, 87);(45, 38);(27, 35);(52, 13);(14, 49);(29, 82);(57, 36);(51, 17);(27, 80);(27, 74);(99, 61);(80, 25)
(52, 13);(27, 26);(64, 21);(33, 73);(57, 36);(85, 64);(51, 17);(103, 62);(99, 107);(80, 66);(45, 38);(102, 57);(59, 113);(84, 41);(80, 26);(89, 94);(23, 109);(35, 107);(27, 99);(27, 107)
(89, 94);(100, 69);(51, 17);(31, 112);(89, 76);(45, 38);(0, 70);(84, 41);(80, 25);(102, 48)
(52, 13);(90, 95);(7, 115);(100, 69);(51, 17);(31, 112);(33, 113);(64, 71);(45, 38);(44, 82);(59, 113);(84, 41);(80, 25);(2, 78);(50, 10)
(100, 69);(51, 17);(31, 112);(33, 113);(64, 71);(45, 38);(44, 82);(84, 41);(89, 76);(18, 9);(2, 78);(35, 36);(50, 10)
(52, 13);(18, 9);(23, 74);(44, 82);(100, 69);(31, 112);(33, 113);(64, 71);(45, 38);(0, 70);(84, 41);(89, 76);(13, 72);(50, 10)
(52, 13);(90, 95);(89, 76);(100, 69);(31, 112);(33, 113);(64, 71);(45, 38);(44, 82);(29, 44);(59, 113);(84, 41);(8, 18);(18, 9);(121, 72);(2, 78);(8, 9);(50, 10)
(8, 18);(100, 69);(43, 98);(31, 112);(33, 113);(89, 76);(45, 38);(44, 82);(84, 41);(64, 71);(18, 9);(80, 25);(2, 78);(23, 25)
(52, 13);(59, 73);(8, 12);(100, 69);(115, 113);(31, 112);(33, 113);(64, 71);(83, 5);(45, 38);(7, 115);(8, 120);(84, 41);(8, 18);(18, 9);(7, 113);(93, 77);(44, 82);(2, 78);(121, 73);(50, 10)
(31, 19);(89, 56);(15, 1);(59, 113);(108, 43);(42, 109);(66, 36);(50, 76);(19, 40);(35, 66);(0, 32);(42, 77);(70, 56);(100, 56);(40, 38);(84, 113);(59, 20);(53, 16);(54, 76);(76, 112);(55, 87);(45, 38);(93, 44);(51, 21);(8, 12);(50, 79);(0, 108);(13, 38);(100, 69);(59, 4);(81, 76);(80, 25);(11, 77);(8, 120);(32, 19);(31, 112);(53, 29);(35, 62);(93, 77);(84, 19);(53, 76);(40, 4);(13, 120);(44, 82);(15, 70);(40, 114);(79, 82);(10, 58);(58, 16);(36, 62);(51, 53);(53, 58);(8, 42);(15, 10);(92, 1);(80, 57);(10, 32);(36, 107);(53, 19);(51, 56);(89, 19);(29, 117);(93, 43);(13, 113);(0, 31);(11, 82);(15, 30);(94, 1);(8, 13);(125, 93);(87, 124);(82, 68);(51, 120);(0, 43);(80, 26);(59, 8);(0, 94);(44, 67);(80, 24);(100, 51);(55, 124);(65, 109);(108, 39);(58, 56);(108, 77);(50, 58);(8, 73);(13, 73);(65, 42);(93, 58);(59, 90);(113, 20);(52, 19);(108, 42);(50, 10);(15, 44);(19, 114);(59, 12);(33, 113);(89, 76);(105, 42);(59, 13);(31, 32);(43, 77);(19, 56);(50, 77);(92, 76);(105, 65);(67, 32);(53, 68);(105, 107);(59, 73);(120, 73);(59, 120);(66, 62);(10, 79);(54, 10);(12, 73);(23, 57);(94, 79);(76, 44);(42, 19);(56, 68);(62, 107);(10, 56);(53, 11);(76, 10);(53, 56)
(51, 40);(54, 120);(42, 10);(81, 93);(59, 51);(31, 44);(94, 10);(57, 97);(81, 58);(43, 82);(19, 40);(81, 70);(70, 56);(114, 21);(54, 42);(34, 21);(23, 25);(51, 73);(93, 50);(95, 19);(66, 107);(59, 90);(59, 10);(51, 21);(51, 120);(50, 2);(70, 10);(2, 11);(59, 19);(90, 95);(79, 11);(54, 73);(81, 76);(80, 25);(84, 79);(11, 77);(42, 5);(54, 90);(25, 5);(42, 109);(10, 5);(23, 65);(27, 99);(65, 66);(32, 58);(120, 19);(42, 11);(66, 28);(13, 120);(39, 32);(10, 39);(10, 58);(42, 32);(89, 93);(82, 77);(2, 43);(108, 70);(80, 24);(65, 15);(89, 58);(81, 108);(13, 19);(10, 32);(23, 109);(51, 19);(18, 32);(89, 30);(120, 114);(14, 65);(0, 31);(87, 124);(10, 77);(60, 21);(58, 5);(80, 26);(44, 67);(19, 73);(43, 11);(55, 124);(65, 109);(54, 19);(13, 40);(11, 56);(23, 57);(90, 19);(105, 44);(19, 21);(11, 30);(108, 77);(90, 40);(18, 83);(65, 42);(10, 67);(30, 77);(51, 114);(70, 43);(18, 10);(40, 21);(51, 13);(10, 73);(83, 21);(19, 114);(79, 77);(42, 58);(81, 89);(92, 76);(13, 21);(50, 77);(80, 5);(59, 21);(0, 44);(11, 1);(53, 44);(120, 73);(89, 10);(59, 120);(55, 87);(54, 10);(50, 106);(23, 42);(89, 50);(105, 53);(59, 114);(89, 108);(89, 39);(102, 121);(100, 31)
(8, 73);(89, 11);(94, 53);(42, 10);(116, 21);(19, 4);(59, 51);(0, 76);(50, 10);(51, 12);(57, 97);(108, 43);(19, 40);(42, 77);(42, 71);(31, 10);(92, 77);(94, 70);(10, 77);(23, 25);(89, 106);(4, 71);(0, 58);(4, 5);(53, 1);(94, 30);(8, 21);(55, 87);(45, 38);(59, 71);(7, 5);(29, 56);(58, 16);(99, 103);(18, 10);(8, 12);(79, 30);(79, 11);(102, 87);(58, 4);(80, 25);(18, 19);(11, 77);(23, 26);(44, 77);(89, 70);(31, 112);(93, 77);(27, 99);(40, 4);(94, 58);(42, 11);(94, 11);(93, 94);(31, 56);(10, 58);(42, 32);(54, 64);(5, 73);(82, 77);(10, 4);(85, 64);(39, 44);(108, 70);(89, 58);(54, 11);(81, 108);(13, 19);(19, 64);(52, 13);(93, 54);(12, 46);(70, 32);(53, 42);(0, 31);(11, 82);(53, 39);(8, 58);(42, 43);(87, 124);(34, 21);(31, 79);(80, 23);(27, 103);(58, 5);(52, 40);(43, 56);(10, 11);(31, 30);(94, 77);(25, 74);(13, 12);(51, 19);(55, 124);(94, 2);(93, 10);(93, 76);(102, 57);(94, 106);(108, 67);(13, 40);(11, 56);(19, 21);(59, 64);(11, 30);(93, 42);(39, 77);(74, 15);(94, 31);(64, 71);(0, 100);(70, 76);(52, 4);(51, 52);(30, 77);(10, 5);(84, 12);(53, 54);(40, 21);(84, 46);(52, 19);(51, 13);(81, 89);(11, 106);(59, 84);(81, 10);(59, 12);(89, 76);(11, 3);(89, 108);(31, 32);(13, 21);(51, 8);(105, 65);(59, 21);(42, 39);(58, 64);(70, 31);(76, 79);(0, 44);(40, 9);(23, 15);(53, 44);(10, 39);(76, 58);(43, 32);(7, 115);(10, 30);(94, 56);(42, 9);(57, 26);(94, 79);(0, 79);(54, 44);(31, 58);(62, 107);(102, 121);(58, 30);(80, 15);(76, 10);(100, 31);(53, 77)
(100, 106);(59, 12);(59, 51);(89, 76);(31, 112);(110, 58);(51, 12);(108, 43);(19, 40);(15, 54);(51, 19);(13, 120);(44, 82);(89, 2);(19, 4);(33, 113);(7, 115);(13, 19);(27, 97);(12, 46);(90, 95);(51, 13);(100, 53);(50, 10)
(100, 106);(15, 54);(27, 97);(59, 120);(59, 12);(31, 112);(33, 113);(89, 76);(90, 95);(44, 82);(110, 58);(84, 41);(8, 18);(18, 9);(50, 10)
(52, 13);(100, 106);(15, 54);(27, 97);(13, 120);(33, 113);(18, 9);(45, 115);(50, 10)
(52, 13);(100, 106);(15, 54);(27, 97);(33, 113);(93, 53);(84, 41);(50, 10)
(100, 106);(27, 97);(110, 68);(93, 53);(33, 113);(7, 115);(56, 3);(84, 41);(45, 115);(89, 2);(50, 10)
(100, 106);(27, 97);(13, 120);(37, 41);(7, 115);(110, 58);(84, 41);(18, 9);(45, 115);(50, 10)
(52, 13);(100, 106);(27, 97);(37, 41);(90, 95);(44, 82);(110, 58);(84, 41);(8, 18);(18, 9);(45, 115);(50, 10)
(52, 13);(100, 106);(27, 97);(13, 72);(33, 113);(7, 115);(110, 58);(8, 18);(18, 9);(50, 10)
(52, 13);(100, 106);(13, 72);(44, 82);(45, 115);(31, 112);(33, 113);(89, 76);(7, 115);(56, 3);(8, 18);(18, 9);(52, 72);(11, 56);(50, 10)
(52, 13);(100, 106);(27, 97);(31, 112);(33, 113);(89, 76);(90, 95);(59, 113);(89, 78);(13, 72);(52, 72);(11, 56);(84, 41);(121, 72);(50, 10)
(52, 13);(100, 106);(27, 97);(23, 74);(84, 21);(41, 21);(59, 12);(89, 76);(59, 113);(7, 115);(45, 7);(84, 41);(89, 2);(8, 9);(50, 10)
(52, 13);(100, 106);(27, 97);(45, 7);(59, 12);(89, 76);(7, 115);(56, 3);(110, 58);(8, 18);(18, 9);(50, 10)
(100, 106);(27, 97);(84, 21);(31, 112);(45, 7);(59, 12);(33, 113);(89, 76);(56, 3);(59, 113);(8, 18);(50, 10)
(52, 13);(100, 106);(27, 97);(59, 12);(33, 113);(89, 76);(59, 113);(11, 56);(45, 7);(89, 78);(8, 18);(18, 9);(20, 5);(84, 41);(50, 10)
(52, 13);(100, 106);(15, 54);(110, 68);(59, 12);(19, 4);(89, 76);(59, 113);(45, 7);(84, 41);(8, 18);(89, 78);(121, 72);(27, 99)
(52, 13);(100, 106);(59, 12);(33, 113);(89, 76);(72, 73);(14, 109);(18, 9);(27, 99)
(52, 13);(100, 106);(31, 112);(33, 113);(89, 76);(72, 73);(56, 3);(59, 113);(80, 25)
(52, 13);(100, 106);(31, 112);(89, 76);(72, 73);(59, 113);(84, 41);(121, 72);(50, 10)
(52, 13);(100, 106);(31, 112);(59, 12);(89, 76);(59, 113);(84, 41);(50, 10)
(52, 13);(100, 106);(59, 90);(19, 4);(7, 115);(59, 12);(31, 112);(89, 76);(72, 73);(44, 82);(59, 113);(84, 41);(18, 9);(59, 4);(50, 10)
(100, 106);(59, 90);(89, 76);(44, 82);(85, 60);(31, 112);(19, 114);(7, 114);(116, 64);(7, 115);(56, 3);(50, 10);(84, 41);(64, 71);(11, 56);(55, 62);(84, 64);(13, 64);(55, 87)
(25, 74);(100, 106);(74, 48);(31, 112);(89, 76);(25, 26);(44, 82);(56, 3);(27, 62);(74, 26);(27, 99);(50, 10)
(25, 74);(100, 106);(25, 48);(44, 82);(74, 48);(31, 112);(89, 76);(25, 26);(27, 103);(103, 62);(99, 62);(27, 62);(74, 26);(48, 26);(27, 99);(50, 10)
(25, 74);(100, 106);(25, 48);(31, 112);(55, 87);(89, 76);(25, 26);(44, 82);(74, 26)
(60, 5);(100, 106);(23, 14);(23, 5);(50, 44);(23, 65);(31, 112);(55, 87);(89, 76);(65, 5);(14, 65);(55, 65);(102, 48)
(100, 106);(23, 60);(39, 32);(31, 112);(89, 76);(56, 3);(108, 43);(23, 65);(50, 77);(89, 94);(14, 5);(15, 70);(67, 32);(23, 87);(39, 82);(2, 42);(65, 8);(58, 68);(29, 3);(11, 56);(100, 2);(53, 44);(79, 16);(60, 5);(70, 106);(67, 77);(55, 65);(32, 77);(55, 87);(39, 68);(23, 14);(44, 106);(30, 68);(44, 3);(50, 106);(23, 5);(39, 30);(108, 56);(65, 5);(14, 65);(70, 77);(94, 100);(14, 8);(50, 10)
(23, 5);(14, 5);(65, 109);(14, 65);(23, 14);(15, 72);(45, 83)
(38, 73);(42, 109);(66, 107);(14, 65);(28, 46);(66, 46)
(72, 77);(74, 39);(19, 4);(65, 50);(76, 106);(50, 42);(51, 19);(76, 77);(42, 77);(51, 4);(39, 82);(50, 39);(39, 106);(2, 79);(39, 11);(16, 77);(90, 85);(51, 115);(74, 42);(106, 16);(66, 107);(76, 79);(33, 115);(33, 38);(65, 42);(59, 52);(43, 106);(74, 43);(50, 79);(106, 77);(115, 4);(14, 65);(33, 19);(15, 110);(11, 77)
(11, 106);(50, 110);(14, 50);(19, 4);(35, 62);(94, 43);(39, 30);(50, 42);(50, 108);(4, 46);(51, 46);(95, 113);(39, 106);(2, 79);(39, 11);(66, 107);(13, 19);(65, 42);(33, 52);(65, 50);(76, 79);(45, 46);(81, 11);(59, 19);(14, 110);(11, 77)
(11, 106);(14, 50);(65, 50);(39, 82);(50, 42);(16, 1);(14, 42);(42, 39);(65, 109);(15, 42);(15, 39);(2, 79);(39, 11);(50, 109);(69, 106);(108, 110);(76, 2);(59, 90);(59, 38);(45, 38);(59, 71);(65, 42);(38, 4);(76, 79);(70, 43);(15, 106);(108, 5);(81, 42);(59, 4);(102, 48)
(65, 50);(11, 106);(14, 42);(108, 110);(11, 30);(81, 11);(15, 11);(14, 50);(59, 90);(59, 19);(16, 1);(65, 42);(2, 79);(59, 9);(85, 71);(50, 42)
(65, 42);(65, 50);(59, 90);(14, 42);(108, 110);(81, 98);(52, 120);(15, 11);(65, 109);(14, 50);(50, 109);(39, 82);(16, 1);(82, 16);(81, 108);(2, 79);(81, 110);(50, 42)
(85, 64);(52, 120);(90, 64);(15, 30);(15, 106);(81, 98);(39, 106);(82, 1)
(19, 4)
(45, 38);(19, 4);(8, 114);(64, 71)
(59, 90);(59, 19);(64, 71);(45, 38);(90, 72);(59, 72)
(59, 72);(45, 38);(114, 71);(64, 71);(52, 120)
(85, 64);(33, 59);(64, 71);(45, 38);(59, 71);(52, 38);(59, 72);(72, 114)
(59, 84);(95, 113);(45, 38);(59, 71);(84, 71);(84, 64)
(45, 38);(38, 4);(113, 4);(113, 114)
(113, 114);(33, 120);(64, 71)
(52, 38);(84, 64)
(52, 38);(113, 4)
(38, 113);(8, 91);(52, 38);(113, 4)
(38, 113);(52, 38);(113, 4)
(113, 114);(4, 114);(45, 38);(45, 113);(52, 38);(113, 4)
(113, 114);(59, 64);(84, 120);(59, 120);(40, 64);(52, 38);(120, 64)
(45, 38);(8, 52)
(45, 38);(38, 4);(4, 114)
None
None
None
None
None
None
None
None
None
(59, 120)
(84, 64)
None
(120, 64)
(0, 31)
(23, 49);(42, 77);(14, 50);(11, 58);(58, 77);(103, 66);(11, 77)
(76, 117);(76, 42);(11, 58);(58, 77);(11, 77)
(29, 56)
(29, 56)
(120, 64)
None
(23, 14);(85, 120)
(23, 14);(14, 50)
(23, 14)
(14, 50);(23, 50)
None
None
None
None
(120, 64)
None
(46, 41)
(46, 41);(95, 41)
None
None
None
None
None
None
None
None
None
None
None
None
None
None
None
None
None
None
None
None
None
None
None
None
None
None
None
None
None
None
None
None
None
None
None
None
None
None
None
None
None
None
None
None
None
None
None
None
None
None
None
None
None
None
None
None
None
None
None
None
None
None
None
None
None
None
None
None
None
None
None
None
None
None
None
None
None
None
None
None
None
None
None
None
None
None
None
None
None
None
None
None
None
None
None
None
None
None
None
None
None
None
None
None
None
None
None
None
None
None
None
None
None
None
None
None
None
None
None
None
None
None
None
None
None
None
None
None
None
None
None
None
(25, 74);(25, 56);(74, 56);(56, 3);(74, 65);(25, 3)
(25, 36);(24, 26);(80, 23);(56, 3);(36, 3);(10, 3);(44, 67);(25, 74);(74, 36);(74, 10);(67, 32);(25, 26);(74, 56);(26, 36);(105, 44);(25, 56);(25, 3);(105, 65);(25, 10);(36, 10);(65, 36);(10, 56);(36, 56)
(108, 2);(26, 28);(81, 98);(0, 10);(55, 44);(110, 98);(25, 26);(74, 56);(23, 44);(80, 56);(23, 25);(108, 110);(23, 10);(43, 98);(55, 87);(105, 23);(87, 65);(53, 3);(25, 10);(80, 3);(70, 10);(81, 2);(80, 25);(70, 44);(23, 56);(23, 3);(56, 3);(23, 65);(10, 3);(80, 36);(74, 36);(87, 28);(87, 56);(23, 36);(27, 110);(39, 44);(2, 43);(62, 28);(27, 81);(10, 32);(25, 3);(80, 10);(44, 32);(70, 32);(105, 56);(53, 39);(65, 44);(55, 23);(80, 23);(105, 87);(80, 26);(44, 67);(25, 74);(55, 62);(23, 74);(74, 10);(23, 87);(23, 2);(55, 105);(26, 62);(27, 98);(105, 44);(31, 29);(92, 29);(74, 26);(10, 67);(36, 10);(74, 24);(25, 24);(39, 56);(26, 10);(87, 62);(25, 36);(55, 28);(27, 108);(24, 26);(108, 98);(105, 65);(67, 32);(105, 3);(26, 36);(24, 10);(25, 56);(36, 56);(2, 98);(87, 44);(80, 24);(33, 52);(80, 74);(36, 28);(105, 53);(10, 56);(53, 11);(53, 56)
(108, 56);(108, 2);(47, 24);(87, 124);(39, 56);(26, 28);(50, 10);(53, 3);(81, 98);(27, 103);(56, 3);(15, 77);(93, 2);(53, 69);(23, 26);(23, 65);(15, 78);(110, 98);(39, 3);(29, 39);(53, 32);(105, 65);(0, 70);(67, 32);(15, 30);(105, 3);(23, 49);(55, 105);(15, 43);(93, 30);(94, 78);(35, 28);(58, 68);(29, 3);(92, 58);(53, 44);(81, 15);(94, 79);(31, 29);(108, 110);(27, 110);(108, 98);(10, 39);(22, 15);(66, 62);(2, 43);(44, 56);(10, 32);(10, 67);(22, 65);(30, 77);(80, 74);(22, 35);(39, 67);(22, 25);(36, 28);(29, 82);(57, 49);(44, 32);(31, 16);(93, 43);(62, 107);(32, 77);(78, 1);(0, 16);(87, 103);(15, 58);(22, 77);(53, 39);(53, 56);(93, 77)
(15, 54);(15, 77);(22, 25);(53, 32);(65, 109);(32, 77);(93, 53);(14, 109);(55, 105);(0, 70);(56, 3);(35, 28);(58, 68);(108, 43);(29, 3);(58, 16);(22, 65);(2, 106);(87, 103);(50, 10)
(22, 25);(44, 82);(87, 124);(15, 54);(14, 109);(55, 105);(0, 70);(35, 28);(22, 65);(87, 103)
(100, 106);(22, 25);(0, 70);(87, 124);(15, 54);(55, 105);(44, 82);(35, 28);(102, 48);(81, 112);(87, 103)
(100, 106);(22, 25);(44, 82);(87, 124);(55, 105);(0, 70);(35, 28);(81, 112);(102, 48)
(100, 106);(22, 25);(87, 103);(44, 82);(87, 124);(27, 103);(55, 105);(0, 70);(35, 28);(81, 112);(102, 48)
(100, 106);(22, 25);(87, 103);(80, 74);(0, 70);(87, 124);(65, 109);(55, 105);(27, 103);(35, 28);(44, 82);(81, 112);(102, 48)
(100, 106);(22, 25);(80, 74);(87, 124);(65, 109);(66, 62);(15, 54);(87, 103);(44, 82);(35, 28);(81, 112);(55, 105);(102, 48)
(22, 25);(0, 70);(87, 124);(65, 109);(55, 105);(44, 82);(35, 28);(81, 112);(102, 48);(14, 61)
(22, 25);(87, 124);(65, 109);(66, 62);(55, 105);(44, 82);(56, 3);(35, 28);(81, 112);(87, 103)
(87, 124);(59, 12);(64, 71);(59, 7);(8, 19);(7, 60);(59, 41);(40, 4);(65, 109);(55, 105);(44, 82);(35, 28);(59, 95);(12, 41);(87, 103);(72, 21);(40, 20);(81, 112);(22, 25);(7, 114);(7, 4);(85, 12)
(100, 106);(22, 25);(64, 21);(80, 74);(84, 21);(65, 109);(59, 12);(87, 124);(55, 105);(44, 82);(35, 28);(14, 109);(84, 41);(81, 112);(121, 72)
(100, 106);(22, 25);(64, 21);(80, 74);(19, 4);(87, 124);(65, 109);(59, 12);(14, 109);(55, 105);(44, 82);(35, 28);(81, 112);(121, 72)
(100, 106);(22, 25);(64, 21);(87, 124);(90, 95);(14, 109);(55, 105);(39, 68);(44, 82);(35, 28);(81, 112);(121, 72)
(100, 106);(22, 25);(64, 21);(0, 70);(87, 124);(93, 53);(55, 105);(90, 95);(44, 82);(35, 28);(81, 112);(39, 68);(14, 61)
(52, 13);(39, 68);(36, 28);(64, 21);(80, 74);(100, 106);(84, 21);(19, 4);(87, 124);(55, 105);(90, 95);(44, 82);(35, 28);(81, 112);(35, 36);(121, 72);(14, 61)
(100, 106);(22, 25);(36, 28);(64, 21);(80, 74);(87, 124);(19, 4);(55, 105);(39, 68);(44, 82);(29, 44);(35, 28);(29, 3);(103, 107);(81, 112);(35, 36);(87, 103);(29, 82)
(100, 106);(36, 28);(64, 21);(80, 74);(59, 53);(69, 2);(19, 4);(55, 105);(39, 68);(29, 44);(35, 28);(29, 3);(90, 95);(103, 107);(81, 112);(35, 36);(121, 72)
(52, 13);(100, 106);(22, 25);(36, 28);(64, 21);(80, 74);(87, 124);(65, 109);(19, 4);(55, 105);(39, 68);(0, 70);(35, 28);(81, 112);(35, 36);(87, 103)
(87, 124);(59, 12);(29, 44);(80, 74);(12, 64);(65, 109);(55, 105);(44, 82);(35, 28);(7, 19);(13, 40);(41, 21);(35, 36);(87, 103);(19, 4);(39, 68);(52, 13);(22, 25);(36, 28);(64, 21);(69, 2);(59, 19);(59, 13);(19, 12);(81, 112)
(100, 106);(92, 93);(19, 4);(0, 7);(18, 19);(23, 26);(2, 78);(66, 36);(48, 103);(27, 55);(103, 66);(89, 94);(93, 1);(119, 107);(15, 30);(44, 56);(25, 26);(7, 19);(35, 36);(7, 41);(43, 98);(32, 77);(22, 48);(12, 56);(15, 29);(114, 60);(53, 43);(89, 54);(44, 3);(14, 49);(22, 25);(110, 39);(59, 19);(36, 62);(80, 22);(78, 1);(80, 25);(22, 26);(93, 53);(56, 3);(57, 49);(81, 39);(103, 62);(44, 82);(32, 16);(87, 103);(54, 10);(23, 49);(93, 106);(39, 68);(105, 61);(25, 14);(27, 66);(26, 66);(55, 103);(36, 107);(22, 119);(89, 19);(29, 10);(59, 60);(81, 50);(87, 124);(26, 61);(27, 48);(27, 103);(44, 67);(78, 106);(0, 70);(65, 109);(55, 105);(13, 40);(29, 3);(12, 3);(106, 1);(10, 106);(25, 18);(41, 21);(24, 57);(61, 7);(74, 65);(43, 106);(102, 47);(74, 109);(23, 61);(39, 56);(105, 49);(81, 112);(102, 48);(50, 10);(25, 36);(47, 57);(24, 26);(103, 28);(103, 36);(66, 61);(105, 14);(80, 74);(55, 22);(10, 12);(29, 12);(35, 28);(26, 36);(53, 44);(59, 73);(14, 61);(102, 105);(10, 39);(66, 107);(66, 62);(15, 54);(55, 87);(23, 14);(81, 12);(0, 41);(105, 23);(61, 107);(105, 65);(57, 26);(36, 28);(50, 44);(53, 77);(62, 107);(80, 18)
(74, 39);(19, 4);(35, 107);(94, 10);(10, 123);(108, 43);(2, 5);(74, 82);(66, 36);(35, 66);(103, 66);(89, 94);(15, 30);(53, 106);(14, 43);(29, 30);(43, 98);(66, 107);(14, 49);(89, 12);(43, 3);(22, 39);(114, 60);(93, 110);(44, 3);(110, 98);(22, 25);(66, 63);(50, 43);(105, 67);(74, 18);(78, 1);(80, 25);(84, 41);(14, 8);(47, 24);(68, 5);(23, 22);(14, 50);(35, 62);(56, 3);(87, 53);(53, 10);(23, 65);(10, 3);(110, 10);(23, 63);(103, 62);(74, 36);(63, 107);(23, 49);(27, 66);(36, 107);(36, 32);(110, 43);(18, 39);(22, 119);(89, 19);(29, 10);(93, 43);(22, 36);(80, 32);(19, 12);(87, 124);(10, 77);(53, 3);(66, 109);(74, 32);(49, 50);(87, 5);(23, 74);(65, 109);(94, 2);(32, 82);(94, 106);(106, 1);(80, 39);(19, 21);(25, 18);(10, 44);(24, 57);(103, 107);(10, 67);(81, 68);(105, 109);(10, 5);(36, 5);(49, 43);(22, 18);(105, 44);(74, 66);(10, 11);(10, 68);(25, 36);(47, 57);(24, 26);(93, 108);(35, 103);(81, 110);(74, 5);(80, 5);(105, 65);(25, 39);(29, 12);(93, 98);(53, 44);(16, 77);(66, 62);(2, 10);(10, 79);(23, 14);(62, 63);(54, 10);(80, 74);(57, 26);(105, 32);(67, 3);(31, 41);(105, 53);(62, 107);(35, 63);(2, 77);(32, 5);(106, 3);(53, 56)
(74, 39);(19, 4);(94, 10);(15, 50);(22, 75);(2, 5);(110, 98);(66, 36);(110, 68);(35, 28);(2, 68);(49, 15);(14, 43);(4, 5);(76, 12);(66, 107);(14, 49);(22, 39);(53, 109);(22, 25);(61, 50);(87, 103);(103, 62);(76, 68);(80, 25);(26, 109);(59, 90);(94, 76);(105, 74);(68, 5);(14, 50);(15, 43);(13, 41);(25, 103);(110, 10);(10, 58);(50, 8);(55, 109);(36, 62);(25, 74);(90, 64);(14, 15);(103, 124);(84, 60);(25, 65);(54, 43);(26, 66);(36, 107);(52, 13);(76, 2);(64, 21);(94, 46);(14, 8);(42, 79);(80, 32);(79, 46);(61, 15);(13, 114);(87, 124);(27, 103);(0, 43);(84, 72);(74, 32);(49, 50);(94, 15);(76, 46);(62, 124);(65, 109);(15, 42);(55, 105);(12, 114);(24, 109);(23, 57);(19, 21);(94, 78);(25, 18);(49, 61);(24, 57);(0, 100);(103, 107);(81, 68);(105, 109);(10, 5);(84, 12);(25, 109);(8, 43);(49, 43);(13, 5);(7, 83);(22, 18);(15, 68);(66, 56);(105, 103);(10, 68);(47, 57);(59, 12);(24, 26);(12, 5);(66, 3);(35, 103);(94, 68);(98, 68);(62, 109);(62, 107);(49, 8);(14, 42);(80, 74);(61, 42);(25, 39);(74, 103);(93, 98);(50, 43);(14, 61);(107, 109);(50, 54);(66, 62);(2, 10);(10, 1);(105, 65);(57, 26);(36, 28);(105, 53);(103, 36);(76, 10);(80, 103)
(10, 68);(87, 124);(27, 103);(84, 41);(94, 68);(27, 99);(94, 15);(65, 109);(55, 105);(10, 78);(58, 68);(10, 58);(16, 77);(87, 103);(25, 119);(76, 58);(66, 62);(22, 119);(15, 76);(76, 2);(22, 25);(94, 79);(15, 2);(62, 107);(7, 83);(76, 68);(15, 68);(76, 10);(15, 79)
(94, 76);(10, 68);(87, 124);(15, 117);(19, 4);(15, 31);(27, 99);(94, 15);(15, 30);(55, 105);(58, 68);(2, 68);(66, 62);(15, 10);(2, 10);(15, 76);(76, 2);(22, 25);(22, 119);(15, 2);(23, 75);(87, 103);(7, 83);(76, 68);(15, 68);(76, 10);(15, 58);(2, 58)
(15, 76);(94, 76);(22, 25);(94, 15);(80, 74);(15, 2);(76, 2);(19, 4);(94, 2);(66, 75);(15, 10);(27, 99);(7, 83);(89, 76);(76, 58);(2, 10);(87, 103)
(15, 76);(22, 25);(80, 74);(15, 2);(87, 124);(76, 58);(19, 4);(15, 10);(2, 10);(7, 83);(94, 10);(84, 41);(121, 72);(27, 99);(87, 63)
(52, 13);(22, 25);(80, 74);(15, 2);(54, 68);(87, 124);(76, 58);(19, 4);(2, 10);(7, 83);(84, 41);(10, 68);(121, 72);(27, 99);(40, 4)
(52, 13);(80, 74);(24, 28);(87, 124);(76, 58);(19, 4);(2, 68);(7, 83);(76, 68);(84, 41);(97, 107);(27, 99)
(52, 13);(76, 2);(22, 25);(80, 74);(87, 124);(15, 76);(19, 4);(7, 83);(87, 75);(103, 107);(27, 99);(101, 40);(40, 4)
(76, 2);(22, 25);(97, 107);(10, 68);(87, 75);(19, 4);(7, 83);(84, 41);(8, 18);(65, 109);(103, 107);(22, 65);(40, 4);(27, 99);(80, 74)
(52, 13);(22, 25);(80, 74);(87, 75);(19, 4);(7, 83);(103, 107);(27, 99);(101, 40);(40, 4)
(15, 76);(22, 25);(80, 74);(15, 2);(87, 75);(19, 4);(87, 103);(7, 83);(84, 41);(27, 99);(101, 40);(40, 4)
(22, 25);(80, 74);(87, 124);(19, 4);(27, 99);(7, 83);(84, 41);(121, 72);(87, 103);(40, 4)
(85, 64);(87, 124);(24, 26);(90, 95);(7, 83);(27, 99);(101, 40);(40, 4)
(80, 74);(87, 124);(19, 4);(64, 71);(102, 48);(90, 95);(7, 83);(8, 18);(27, 99);(101, 40);(40, 4)
(80, 74);(87, 124);(19, 4);(27, 99);(90, 95);(102, 48);(40, 4)
(52, 13);(80, 74);(87, 124);(19, 4);(102, 48);(15, 68);(27, 99)
(52, 13);(15, 54);(87, 124);(19, 4);(24, 26);(64, 71);(102, 48);(72, 73);(7, 83);(2, 10);(27, 99);(2, 68);(40, 4)
(63, 124);(52, 13);(87, 63);(87, 124);(19, 4);(64, 71);(59, 4);(59, 37);(80, 74);(27, 99);(40, 4)
(63, 124);(52, 13);(84, 12);(19, 4);(64, 71);(102, 48);(87, 103);(101, 40);(27, 99);(15, 58);(40, 4)
(15, 54);(84, 12);(87, 124);(19, 4);(64, 71);(102, 48);(51, 12);(101, 40);(15, 68);(27, 99);(15, 58);(40, 4)
(7, 21);(10, 68);(87, 124);(23, 107);(80, 66);(64, 71);(49, 63);(12, 5);(27, 103);(84, 41);(40, 64);(23, 26);(103, 107);(57, 35);(25, 74);(27, 99);(101, 40);(63, 7);(19, 40);(80, 107);(103, 66);(28, 12);(35, 63);(65, 109);(23, 87);(87, 7);(7, 12);(12, 68);(58, 68);(68, 3);(87, 103);(14, 61);(63, 107);(13, 40);(57, 63);(66, 62);(66, 107);(74, 5);(74, 57);(26, 28);(102, 121);(27, 97);(62, 63);(114, 60);(74, 65);(99, 103);(27, 35);(36, 107);(61, 7);(63, 124);(59, 90);(84, 12);(22, 119);(87, 63);(22, 21);(66, 63);(59, 21);(25, 103);(7, 83);(14, 65);(102, 24);(25, 107);(103, 124);(103, 62);(102, 48);(80, 25);(103, 63)
(107, 68);(7, 21);(80, 5);(64, 60);(64, 68);(40, 64);(66, 107);(26, 28);(74, 68);(18, 68);(103, 62);(68, 3);(10, 58);(64, 41);(80, 74);(109, 5);(28, 12);(102, 47);(102, 48);(66, 68);(80, 12)
(61, 50);(99, 35);(15, 2);(66, 107);(27, 99);(22, 50);(27, 35);(28, 107);(66, 28)
(54, 2);(61, 50);(15, 2);(28, 107);(22, 24);(66, 107);(24, 26);(27, 35);(22, 50);(24, 50);(24, 119);(22, 119);(35, 26);(27, 99);(119, 50);(66, 28)
(9, 64);(22, 119);(22, 24);(28, 107);(74, 10);(40, 64);(66, 107);(24, 26);(74, 50);(50, 10);(15, 50);(22, 50);(26, 50);(27, 99);(66, 28)
(40, 64);(66, 107);(15, 50);(13, 40)
(108, 98);(39, 32);(13, 40);(125, 30);(15, 50);(40, 64);(0, 39);(93, 43);(81, 108)
(25, 74);(25, 10);(8, 64);(74, 10);(2, 40);(40, 64);(24, 26);(93, 43);(25, 26);(2, 64);(79, 40);(13, 40);(74, 26)
(25, 10);(51, 8);(94, 2);(74, 10);(13, 19);(24, 26);(74, 26)
(74, 39);(93, 15);(55, 39);(25, 74);(40, 9);(79, 118);(94, 15);(80, 74);(74, 10);(94, 2);(39, 82);(74, 82);(25, 26);(15, 39);(68, 3);(94, 50);(80, 39);(59, 64);(10, 39);(25, 10);(51, 17);(93, 43);(80, 25);(11, 82);(105, 39)
(25, 10);(94, 15);(87, 63);(15, 2);(74, 10);(59, 114);(42, 42);(27, 99);(59, 4);(80, 26);(80, 25);(80, 74);(94, 50);(55, 39);(105, 39)
(50, 118);(28, 107);(24, 26);(15, 50);(55, 39);(40, 4);(27, 99);(27, 55);(79, 118);(94, 15);(99, 35);(74, 10);(4, 114);(55, 105);(27, 107);(94, 50);(27, 28);(27, 35);(25, 10);(80, 10);(80, 25);(105, 39)
(25, 74);(25, 10);(50, 118);(94, 15);(80, 74);(15, 2);(99, 35);(10, 39);(40, 4);(24, 26);(39, 82);(55, 105);(50, 79);(80, 26);(74, 26);(2, 79);(27, 35);(94, 50);(27, 99);(55, 82);(105, 39)
(25, 10);(25, 74);(79, 118);(94, 15);(80, 10);(15, 2);(74, 10);(50, 79);(25, 24);(14, 50);(24, 26);(39, 82);(55, 105);(25, 26);(12, 114);(14, 79);(74, 26);(80, 25);(80, 74);(94, 50);(40, 4)
(107, 10);(50, 118);(0, 100);(27, 99);(40, 4);(79, 118);(94, 15);(99, 35);(74, 10);(39, 82);(12, 114);(2, 118);(58, 68);(94, 50);(74, 99);(108, 77);(10, 5);(93, 0);(35, 93);(27, 35);(15, 118);(94, 79);(15, 2);(50, 79);(109, 79);(10, 82);(27, 74);(74, 35)
(100, 50);(101, 40);(40, 4);(94, 15);(74, 10);(123, 79);(39, 82);(50, 70);(58, 68);(68, 3);(2, 68);(100, 68);(58, 3);(93, 0);(2, 10);(43, 58);(10, 5);(15, 2);(93, 43);(42, 79);(51, 79);(0, 31);(0, 2)
(0, 118);(10, 5);(94, 15);(15, 2);(74, 10);(24, 26);(59, 12);(0, 50);(93, 43);(42, 79);(80, 25);(31, 2);(15, 31);(50, 31);(100, 31);(101, 40)
(0, 118);(94, 15);(0, 15);(24, 28);(108, 77);(14, 50);(15, 31);(0, 39);(0, 50);(42, 79);(26, 28);(94, 31);(15, 39);(80, 25);(107, 4);(39, 118);(16, 77)
(74, 5);(108, 77);(64, 114);(39, 82);(93, 43);(108, 114);(14, 65);(101, 4);(74, 82);(16, 77);(101, 40)
(74, 5);(65, 109);(82, 5);(39, 82);(93, 43);(14, 109);(24, 97);(16, 77)
(27, 87);(87, 62);(87, 124);(108, 39);(107, 124);(59, 7);(39, 82);(43, 82);(55, 105);(27, 99);(105, 65);(62, 124);(7, 83);(14, 109);(27, 35);(99, 63);(35, 28);(27, 63);(16, 77);(14, 61);(87, 107);(80, 35);(66, 62);(66, 107);(74, 65);(24, 97);(39, 118);(108, 118);(63, 124);(22, 119);(87, 63);(93, 43);(62, 107);(35, 63)
(27, 87);(87, 124);(108, 39);(19, 4);(49, 63);(93, 108);(27, 99);(80, 74);(65, 109);(39, 82);(55, 105);(35, 28);(27, 63);(14, 61);(52, 13);(66, 62);(63, 124);(22, 25);(22, 119);(87, 63);(84, 21);(93, 43);(24, 65)
(36, 28);(80, 74);(23, 49);(87, 124);(65, 109);(102, 74);(19, 4);(24, 26);(39, 82);(108, 118);(35, 49);(27, 99)
(36, 28);(48, 36);(87, 124);(65, 109);(19, 4);(24, 26);(51, 12);(27, 63)
(52, 13);(7, 83);(84, 21);(65, 109);(48, 36);(19, 4);(39, 82);(55, 105);(87, 124);(51, 12);(27, 99)
(80, 74);(48, 36);(84, 21);(65, 109);(19, 4);(39, 82);(55, 105);(62, 107);(87, 124);(51, 12);(54, 76);(35, 49);(27, 99)
(48, 36);(87, 124);(65, 109);(19, 4);(55, 105);(27, 99)
(87, 63);(48, 36);(65, 109);(19, 4);(55, 105);(55, 99);(51, 12);(27, 99);(14, 61)
(80, 74);(48, 36);(84, 21);(65, 109);(19, 4);(87, 124);(55, 105);(55, 99);(93, 108);(51, 12);(114, 60);(27, 99)
(80, 74);(48, 36);(87, 124);(65, 109);(19, 4);(93, 43);(84, 21);(114, 60);(55, 105);(55, 99)
(80, 74);(48, 36);(87, 124);(65, 109);(19, 4);(84, 21);(55, 105);(55, 99);(114, 60);(27, 99)
(52, 13);(27, 55);(48, 36);(84, 21);(54, 76);(74, 109);(87, 124);(93, 43);(55, 99);(65, 109);(27, 99)
(80, 74);(84, 21);(65, 109);(74, 109);(55, 99);(114, 60);(27, 99);(40, 4)
(80, 74);(48, 36);(84, 21);(65, 109);(19, 4);(39, 82);(55, 99);(114, 60);(27, 99);(108, 82)
(99, 111);(80, 74);(55, 99);(84, 21);(65, 109);(87, 124);(27, 99)
(52, 13);(80, 74);(84, 21);(65, 109);(19, 4);(55, 99);(121, 72);(27, 99)
(80, 74);(84, 21);(65, 109);(66, 62);(19, 4);(14, 109);(87, 124);(8, 18);(27, 99)
(80, 74);(84, 21);(65, 109);(19, 4);(87, 124);(55, 99);(14, 109);(121, 72);(27, 99);(114, 60);(8, 18)
(80, 74);(84, 21);(65, 109);(19, 4);(55, 99);(8, 18);(12, 41);(27, 99);(114, 60)
(80, 74);(84, 21);(19, 4);(87, 124);(55, 99);(114, 60);(51, 21);(27, 99);(8, 18)
(87, 124);(69, 58);(55, 23);(51, 12);(26, 49);(27, 99);(27, 55);(13, 12);(80, 74);(12, 114);(65, 109);(39, 82);(84, 64);(25, 26);(99, 63);(35, 28);(58, 68);(68, 3);(65, 61);(47, 48);(14, 61);(8, 46);(69, 68);(100, 7);(14, 49);(26, 66);(45, 38);(55, 99);(52, 13);(89, 1);(100, 21);(64, 21);(36, 63);(35, 49);(79, 78);(61, 112);(51, 21);(48, 49);(39, 68);(76, 79);(22, 119);(87, 63);(84, 21);(48, 35);(59, 13);(62, 107);(35, 63);(102, 121);(8, 18);(84, 41);(114, 60)
(111, 66);(87, 124);(114, 5);(14, 50);(23, 8);(72, 73);(84, 41);(27, 99);(25, 74);(4, 60);(100, 41);(66, 28);(55, 22);(22, 111);(55, 105);(13, 7);(69, 58);(22, 28);(23, 39);(60, 5);(5, 73);(69, 68);(26, 66);(111, 28);(13, 114);(114, 60);(114, 73);(59, 5);(100, 21);(84, 100);(61, 112);(45, 38);(100, 7);(22, 66);(22, 119);(59, 114);(40, 64);(105, 22);(62, 107);(59, 60);(80, 18)
(52, 13);(79, 60);(22, 119);(59, 79);(14, 50);(105, 22);(55, 105);(65, 50);(28, 46);(59, 60)
(52, 13);(15, 54);(15, 13);(59, 79);(79, 60);(59, 60)
(52, 13)
None
None
None
None
(34, 114)
None
(80, 35)
None
None
None
None
None
None
None
None
None
None
None
None
None
None
None
None
None
None
None
None
None
None
None
None
None
None
None
None
None
None
None
None
None
None
None
None
None
None
None
None
None
None
None
None
None
None
None
None
None
None
None
None
None
None
None
None
None
None
None
None
None
None
None
None
None
None
None
None
None
None
None
None
None
None
None
None
None
None
None
None
None
None
None
None
None
None
None
None
None
None
None
None
None
None
None
None
None
None
None
None
None
None
None
None
None
None
None
None
None
None
None
None
None
None
None
None
None
None
None
None
None
None
None
None
None
None
(23, 36);(25, 26);(36, 3);(25, 36);(26, 65);(26, 3);(65, 36);(81, 2);(25, 65);(2, 3);(26, 36);(23, 26);(23, 65);(93, 2);(76, 3);(105, 44);(23, 25)
(42, 43);(81, 108);(25, 36);(15, 67);(105, 87);(87, 67);(93, 108);(105, 11);(23, 65);(105, 24);(23, 36);(25, 26);(105, 65);(67, 32);(23, 15);(23, 87);(25, 108);(55, 105);(105, 10);(87, 36);(26, 36);(25, 15);(105, 44);(23, 25);(15, 76);(22, 24);(23, 10);(81, 43);(22, 15);(55, 87);(15, 10);(105, 23);(25, 65);(105, 36);(87, 65);(10, 32);(23, 24);(36, 32);(25, 10);(36, 10);(65, 36);(93, 43);(87, 15);(26, 10);(65, 10);(55, 24);(105, 25);(76, 3)
(108, 53);(42, 43);(105, 36);(23, 74);(87, 124);(78, 68);(10, 32);(32, 68);(93, 42);(89, 76);(105, 87);(87, 67);(31, 112);(105, 11);(23, 65);(11, 68);(43, 77);(43, 16);(108, 98);(92, 43);(65, 119);(67, 32);(110, 68);(55, 105);(39, 44);(92, 15);(55, 53);(23, 15);(22, 65);(58, 68);(22, 26);(74, 11);(15, 119);(65, 53);(10, 39);(76, 58);(29, 67);(22, 15);(55, 87);(24, 15);(10, 44);(39, 68);(43, 58);(44, 68);(81, 108);(87, 65);(92, 81);(74, 65);(81, 31);(69, 98);(36, 32);(63, 124);(22, 25);(22, 119);(67, 3);(43, 30);(81, 53);(87, 11);(25, 24);(0, 43);(93, 43);(110, 58);(87, 35);(87, 53);(65, 28);(105, 53);(15, 68);(15, 58);(50, 10)
(63, 124);(17, 19);(43, 98);(39, 82);(2, 106);(55, 105);(97, 107);(92, 1);(58, 68);(35, 49)
(63, 124);(97, 107);(43, 98);(55, 105);(58, 68);(35, 49);(27, 99);(2, 106)
(63, 124);(97, 107);(43, 98);(55, 105);(58, 68);(35, 49);(27, 99)
(97, 107);(43, 98);(55, 105);(58, 68);(35, 49);(108, 67)
(35, 49);(43, 98);(55, 105);(55, 99);(58, 68);(97, 107);(27, 99)
(35, 49);(87, 124);(43, 98);(55, 105);(44, 82);(58, 68);(97, 107);(27, 99)
(97, 107);(80, 74);(87, 124);(43, 98);(66, 62);(0, 98);(55, 105);(100, 69);(58, 68);(35, 49);(27, 99);(14, 61)
(63, 124);(13, 4);(35, 49);(80, 74);(87, 124);(43, 98);(66, 62);(0, 98);(55, 105);(58, 68);(17, 13);(100, 69);(97, 107);(27, 99)
(40, 12);(95, 4);(13, 4);(19, 4);(13, 37);(12, 5);(27, 99);(40, 4);(19, 40);(13, 12);(97, 107);(80, 74);(55, 105);(13, 7);(58, 68);(29, 3);(43, 98);(95, 13);(13, 19);(35, 49);(52, 13);(101, 19);(95, 12);(12, 4);(19, 12);(17, 12)
(52, 13);(88, 72);(80, 74);(87, 124);(43, 98);(66, 62);(19, 4);(13, 37);(55, 105);(95, 12);(13, 114);(29, 3);(35, 49);(40, 4)
(52, 13);(51, 95);(80, 74);(116, 21);(43, 98);(51, 17);(19, 4);(84, 21);(55, 105);(95, 12);(87, 124);(51, 12);(80, 65);(29, 3);(35, 49)
(52, 13);(80, 74);(116, 21);(43, 98);(19, 4);(84, 21);(87, 124);(55, 105);(27, 103);(51, 12);(29, 3);(35, 49);(39, 44)
(52, 13);(51, 95);(80, 74);(116, 21);(43, 98);(66, 62);(19, 4);(87, 124);(55, 105);(84, 21);(51, 12);(29, 3);(20, 5)
(52, 13);(51, 95);(80, 74);(84, 21);(43, 98);(66, 62);(55, 105);(95, 12);(87, 124);(58, 68);(116, 21);(97, 107)
(52, 13);(51, 95);(35, 49);(80, 74);(44, 82);(116, 21);(43, 98);(19, 4);(55, 105);(84, 21);(58, 68);(97, 107)
(52, 13);(35, 49);(84, 21);(43, 98);(19, 4);(87, 124);(55, 105);(44, 82);(51, 12);(58, 68);(97, 107);(39, 44);(108, 67)
(63, 124);(35, 49);(80, 74);(40, 12);(84, 21);(43, 98);(19, 4);(87, 124);(55, 105);(95, 12);(27, 103);(51, 12);(58, 68);(29, 3);(97, 107);(108, 67);(50, 10)
(52, 13);(51, 95);(85, 21);(51, 17);(80, 74);(27, 103);(84, 21);(94, 54);(66, 62);(19, 4);(55, 105);(87, 124);(12, 4);(51, 12);(58, 68);(97, 107);(108, 67);(50, 10)
(35, 49);(80, 74);(87, 124);(94, 54);(66, 62);(19, 4);(55, 105);(95, 12);(84, 21);(51, 12);(14, 61);(29, 3);(97, 107);(108, 67);(85, 21)
(66, 107);(50, 76);(28, 107);(40, 12);(87, 124);(14, 50);(19, 4);(57, 109);(72, 73);(15, 43);(51, 12);(100, 54);(0, 3);(2, 78);(110, 76);(27, 99);(25, 74);(95, 12);(97, 107);(80, 74);(35, 63);(76, 39);(55, 105);(25, 26);(44, 82);(10, 78);(58, 68);(76, 43);(76, 112);(25, 66);(69, 2);(14, 61);(13, 72);(90, 85);(14, 10);(31, 10);(85, 21);(107, 124);(43, 98);(66, 62);(32, 77);(55, 87);(2, 10);(24, 57);(74, 65);(14, 66);(14, 0);(35, 49);(100, 31);(108, 67);(51, 19);(52, 13);(25, 107);(105, 47);(84, 21);(50, 43);(51, 17);(80, 65);(110, 44);(76, 10);(81, 112);(50, 10)
(114, 46);(8, 13);(63, 107);(116, 21);(14, 50);(35, 107);(78, 77);(72, 73);(15, 43);(0, 43);(100, 41);(51, 12);(52, 40);(27, 124);(95, 41);(110, 98);(27, 99);(55, 87);(62, 107);(74, 5);(10, 43);(51, 19);(57, 109);(92, 61);(4, 114);(31, 78);(19, 113);(80, 119);(29, 43);(47, 107);(29, 12);(10, 78);(0, 106);(11, 46);(25, 66);(116, 114);(15, 19);(30, 46);(103, 66);(25, 119);(74, 10);(52, 12);(53, 30);(66, 62);(66, 107);(10, 5);(87, 124);(29, 11);(15, 29);(85, 41);(103, 63);(13, 72);(103, 107);(46, 41);(93, 58);(103, 109);(52, 13);(38, 73);(25, 107);(66, 19);(27, 103);(12, 77);(51, 17);(100, 78);(95, 12);(35, 63);(58, 30);(26, 43);(0, 31);(80, 25);(94, 100);(10, 11);(27, 105);(26, 19);(107, 19)
(116, 21);(30, 41);(19, 4);(35, 107);(81, 53);(84, 41);(110, 98);(15, 30);(25, 26);(49, 58);(25, 49);(66, 107);(55, 87);(29, 11);(11, 78);(12, 4);(51, 21);(8, 12);(66, 63);(11, 41);(84, 30);(103, 62);(4, 21);(28, 107);(14, 50);(107, 58);(26, 49);(25, 47);(88, 64);(100, 41);(57, 49);(14, 109);(116, 114);(12, 41);(31, 11);(90, 85);(80, 25);(13, 19);(52, 13);(29, 10);(57, 58);(80, 32);(14, 30);(0, 31);(53, 39);(66, 28);(29, 19);(87, 124);(26, 61);(25, 32);(80, 26);(74, 10);(40, 12);(51, 4);(27, 63);(50, 30);(103, 66);(50, 109);(11, 30);(92, 29);(49, 61);(57, 103);(103, 107);(84, 100);(53, 78);(40, 21);(57, 109);(57, 32);(109, 30);(10, 11);(47, 57);(89, 76);(103, 28);(13, 21);(43, 77);(25, 61);(26, 58);(92, 61);(31, 78);(29, 12);(11, 1);(84, 73);(19, 12);(12, 21);(57, 107);(52, 21);(66, 62);(10, 1);(57, 66);(27, 35);(23, 57);(62, 107);(35, 63);(53, 11);(29, 5)
(74, 39);(35, 107);(0, 76);(110, 58);(51, 12);(110, 98);(15, 30);(25, 26);(114, 21);(84, 46);(37, 41);(25, 49);(29, 30);(66, 107);(55, 87);(29, 11);(15, 29);(11, 78);(49, 109);(14, 49);(8, 12);(103, 62);(80, 25);(22, 32);(47, 24);(28, 107);(63, 107);(94, 67);(14, 50);(31, 112);(26, 49);(10, 30);(66, 28);(76, 39);(14, 109);(52, 21);(0, 11);(31, 11);(90, 85);(85, 64);(113, 21);(0, 5);(84, 114);(52, 13);(87, 63);(62, 28);(84, 21);(29, 10);(11, 3);(19, 12);(0, 31);(0, 2);(8, 13);(87, 124);(26, 61);(15, 117);(27, 103);(50, 29);(10, 32);(29, 39);(74, 10);(65, 109);(84, 116);(27, 63);(34, 21);(103, 66);(19, 21);(110, 11);(50, 32);(50, 109);(22, 26);(49, 61);(74, 65);(103, 107);(35, 49);(12, 46);(10, 5);(74, 109);(39, 5);(109, 30);(10, 11);(81, 10);(89, 76);(81, 31);(84, 71);(103, 28);(13, 21);(43, 77);(25, 61);(27, 107);(8, 37);(12, 21);(74, 11);(95, 12);(10, 39);(8, 21);(66, 62);(62, 63);(103, 63);(62, 107);(35, 63);(29, 67);(52, 114)
(63, 124);(66, 28);(89, 76);(44, 82);(87, 124);(65, 109);(25, 63);(32, 77);(11, 3);(14, 109);(55, 105);(95, 12);(55, 99);(84, 41);(58, 68);(66, 63);(65, 63)
(63, 124);(22, 25);(80, 74);(39, 44);(102, 74);(14, 109);(55, 105);(84, 41);(89, 76);(20, 5);(25, 119)
(22, 25);(35, 49);(87, 124);(102, 74);(89, 76);(55, 105);(44, 82);(84, 41);(14, 109);(29, 3);(12, 72);(25, 119)
(22, 25);(89, 76);(55, 105);(44, 82);(84, 41);(14, 109);(29, 3);(35, 49)
(104, 118);(102, 74);(14, 109);(55, 105);(84, 41);(89, 76);(65, 109)
(22, 25);(87, 124);(65, 109);(31, 112);(90, 85);(89, 76);(55, 105);(14, 65);(84, 41);(14, 109);(35, 49);(27, 99);(14, 61)
(102, 74);(87, 124);(66, 62);(89, 76);(55, 105);(44, 82);(84, 41);(51, 12);(80, 24);(27, 99);(14, 61);(51, 17)
(90, 85);(102, 74);(80, 74);(87, 124);(19, 4);(51, 17);(31, 112);(89, 76);(55, 105);(84, 41);(14, 109);(27, 99);(14, 61)
(67, 32);(87, 124);(31, 112);(65, 109);(51, 17);(19, 4);(89, 76);(55, 105);(84, 21);(84, 41);(14, 109);(17, 12);(29, 3);(27, 99)
(67, 32);(19, 4);(102, 74);(31, 112);(89, 76);(55, 105);(84, 21);(29, 3);(27, 99)
(63, 124);(51, 17);(80, 74);(84, 21);(65, 109);(102, 74);(31, 112);(14, 109);(55, 105);(87, 124);(89, 76);(27, 99);(14, 61)
(52, 13);(63, 124);(87, 124);(51, 17);(31, 112);(33, 113);(89, 76);(55, 105);(95, 12);(84, 21);(84, 41);(10, 1);(27, 99)
(88, 73);(29, 39);(29, 82);(80, 74);(84, 21);(19, 4);(31, 112);(33, 113);(89, 76);(55, 105);(95, 12);(87, 124);(29, 44);(84, 41);(14, 109);(10, 1);(27, 99);(14, 61)
(22, 119);(80, 74);(84, 21);(19, 4);(102, 74);(31, 112);(89, 76);(55, 105);(84, 41);(35, 49);(27, 99);(14, 61)
(63, 124);(88, 73);(80, 74);(84, 21);(19, 4);(31, 112);(89, 76);(55, 105);(87, 124);(84, 41);(14, 109);(35, 49);(27, 99)
(88, 73);(80, 74);(84, 21);(19, 4);(102, 74);(31, 112);(89, 76);(55, 105);(87, 124);(84, 41);(14, 109);(35, 49);(27, 99)
(88, 73);(80, 74);(84, 21);(31, 112);(89, 76);(55, 105);(87, 124);(84, 41);(14, 109);(35, 49);(27, 99)
(87, 124);(19, 4);(89, 76);(100, 44);(84, 41);(94, 39);(27, 99);(94, 15);(55, 105);(44, 82);(15, 39);(104, 112);(14, 61);(90, 85);(10, 39);(31, 112);(102, 74);(32, 11);(74, 61);(35, 49);(81, 104);(39, 1);(84, 21);(111, 107);(51, 12)
(87, 62);(111, 66);(48, 36);(87, 124);(19, 4);(90, 85);(80, 23);(15, 1);(27, 103);(84, 41);(15, 50);(103, 28);(94, 39);(27, 99);(25, 26);(93, 11);(94, 15);(80, 74);(92, 11);(50, 11);(111, 62);(14, 109);(55, 105);(50, 39);(92, 15);(15, 39);(76, 112);(105, 65);(25, 35);(74, 99);(87, 103);(50, 1);(15, 108);(48, 107);(66, 62);(92, 50);(108, 44);(7, 115);(87, 111);(74, 65);(99, 103);(35, 49);(23, 24);(27, 22);(50, 108);(52, 13);(2, 112);(22, 25);(108, 1);(25, 63);(84, 21);(110, 39);(80, 65);(35, 63);(14, 61);(44, 11);(27, 111);(92, 39);(22, 74)
(34, 4);(62, 15);(88, 114);(116, 88);(116, 21);(8, 116);(6, 116);(84, 41);(23, 26);(64, 41);(20, 114);(83, 5);(8, 5);(88, 73);(6, 7);(17, 64);(17, 7);(12, 83);(8, 41);(24, 14);(52, 83);(116, 5);(39, 11);(22, 65);(26, 36);(6, 51);(37, 41);(88, 83);(51, 73);(17, 41);(73, 21);(4, 5);(84, 20);(8, 21);(73, 41);(88, 4);(34, 64);(51, 34);(52, 37);(51, 21);(33, 34);(14, 49);(4, 73);(51, 83);(34, 41);(24, 49);(74, 99);(34, 20);(7, 114);(64, 4);(20, 37);(8, 96);(5, 37);(111, 66);(17, 96);(72, 21);(51, 5);(17, 34);(25, 109);(17, 52);(33, 7);(27, 99);(88, 115);(7, 64);(4, 37);(4, 114);(64, 114);(14, 109);(8, 52);(114, 83);(84, 37);(12, 41);(6, 73);(51, 115);(23, 49);(115, 5);(8, 114);(23, 109);(23, 24);(52, 13);(2, 112);(22, 74);(22, 119);(4, 83);(84, 21);(64, 83);(51, 37);(7, 4);(22, 36);(19, 12);(116, 83);(83, 21);(88, 21);(34, 21);(20, 83);(84, 72);(6, 17);(7, 20);(17, 116);(115, 37);(12, 37);(15, 104);(114, 41);(34, 88);(34, 5);(17, 5);(17, 72);(84, 51);(41, 21);(88, 37);(34, 116);(116, 64);(6, 52);(8, 88);(74, 65);(64, 21);(51, 52);(114, 21);(6, 5);(51, 41);(6, 8);(96, 20);(34, 72);(116, 20);(13, 122);(96, 7);(27, 80);(7, 83);(8, 115);(64, 37);(24, 65);(23, 25);(7, 41);(23, 66);(8, 4);(17, 114);(24, 26);(6, 21);(33, 51);(72, 114);(116, 4);(51, 8);(17, 37);(80, 74);(8, 20);(36, 119);(84, 73);(34, 12);(8, 37);(6, 37);(96, 116);(52, 21);(7, 115);(8, 83);(73, 37);(83, 37);(12, 73);(33, 52);(5, 41);(96, 64);(8, 34);(27, 74);(52, 114);(72, 37)
(34, 4);(115, 73);(34, 73);(17, 7);(116, 21);(17, 20);(8, 116);(72, 73);(6, 116);(33, 41);(23, 26);(83, 5);(8, 5);(66, 36);(38, 37);(88, 73);(6, 7);(6, 72);(17, 64);(8, 41);(52, 83);(25, 66);(52, 41);(7, 41);(6, 51);(37, 41);(88, 83);(17, 41);(84, 20);(8, 21);(73, 41);(51, 34);(5, 21);(45, 51);(52, 37);(8, 38);(72, 5);(33, 34);(6, 114);(4, 73);(34, 41);(8, 37);(34, 20);(17, 52);(73, 21);(4, 21);(45, 41);(17, 8);(17, 83);(5, 37);(34, 114);(45, 5);(51, 5);(17, 34);(23, 66);(33, 7);(27, 99);(7, 64);(17, 21);(64, 114);(51, 88);(8, 72);(45, 8);(88, 21);(5, 73);(45, 34);(51, 115);(64, 4);(116, 73);(8, 114);(84, 114);(15, 69);(23, 36);(2, 112);(8, 88);(4, 83);(8, 83);(51, 37);(33, 114);(83, 21);(33, 37);(34, 21);(7, 21);(6, 17);(7, 20);(94, 15);(12, 37);(45, 17);(114, 41);(84, 51);(88, 37);(8, 52);(8, 73);(51, 52);(6, 5);(6, 8);(96, 20);(34, 72);(8, 96);(96, 7);(27, 80);(7, 83);(8, 115);(23, 25);(8, 4);(88, 72);(6, 21);(33, 51);(45, 115);(51, 8);(17, 37);(80, 74);(114, 37);(8, 20);(84, 73);(45, 52);(74, 99);(6, 37);(72, 4);(33, 21);(52, 21);(33, 72);(84, 8);(73, 37);(4, 20);(12, 73);(17, 4);(8, 34);(51, 17);(72, 20);(27, 74);(116, 41);(52, 5);(52, 114);(72, 37)
(88, 114);(17, 7);(17, 20);(8, 116);(64, 41);(20, 114);(66, 36);(6, 72);(45, 114);(84, 51);(23, 25);(37, 41);(17, 41);(84, 20);(8, 21);(51, 34);(45, 51);(8, 38);(72, 5);(51, 21);(33, 34);(34, 41);(88, 21);(34, 20);(17, 52);(4, 21);(45, 41);(34, 114);(45, 5);(51, 5);(17, 34);(27, 99);(6, 83);(7, 64);(17, 21);(20, 21);(38, 21);(45, 8);(76, 112);(116, 114);(12, 41);(45, 34);(20, 37);(8, 114);(84, 114);(51, 37);(33, 114);(8, 13);(34, 21);(74, 99);(33, 8);(6, 17);(7, 20);(33, 17);(45, 17);(116, 38);(41, 21);(8, 52);(8, 7);(52, 4);(6, 5);(62, 76);(84, 12);(6, 8);(27, 80);(7, 83);(8, 115);(6, 34);(37, 21);(7, 41);(8, 4);(17, 114);(25, 36);(6, 21);(51, 8);(17, 37);(114, 37);(8, 20);(8, 37);(6, 37);(8, 83);(84, 8);(4, 20);(17, 4);(8, 34);(51, 17);(52, 5)
(25, 74);(49, 50);(14, 49);(105, 65);(23, 74);(27, 23);(87, 124);(65, 109);(25, 24);(14, 50);(23, 49);(24, 26);(80, 23);(26, 66);(27, 80);(74, 24);(2, 109);(26, 36);(27, 99);(22, 36)
(107, 10);(14, 50);(24, 26);(80, 23);(27, 99);(49, 50);(65, 109);(105, 107);(26, 107);(26, 36);(27, 36);(24, 10);(23, 25);(27, 23);(50, 109);(23, 10);(23, 49);(26, 66);(23, 14);(27, 22);(25, 74);(25, 10);(14, 49);(25, 24);(2, 109);(24, 36);(27, 80);(80, 22);(27, 74);(24, 107)
(27, 99);(27, 23);(14, 49);(26, 107);(14, 65);(14, 50);(50, 109);(14, 109);(80, 66);(27, 80);(80, 22);(27, 74);(27, 36);(27, 107);(49, 109);(74, 99);(24, 10);(27, 22);(23, 25)
(27, 23);(80, 74);(55, 124);(80, 99);(27, 25);(66, 107);(65, 49);(55, 22);(27, 80);(23, 99);(27, 74);(27, 36);(80, 26);(49, 109);(25, 99);(74, 99);(27, 99);(36, 107);(23, 25)
(49, 50);(27, 23);(50, 109);(14, 50);(80, 74);(65, 50);(55, 124);(14, 65);(27, 25);(87, 124);(65, 49);(80, 23);(55, 87);(27, 80);(23, 99);(27, 74);(80, 25);(74, 99);(27, 99);(27, 22);(23, 25)
(49, 50);(27, 23);(80, 74);(23, 74);(80, 22);(55, 124);(65, 109);(80, 99);(80, 23);(87, 124);(27, 74);(22, 74);(74, 99);(27, 99);(27, 22)
