1
1;2;4;7;1;12;7;1;2;5;1;2;4;2;4
2;1;7;1;5;2;1;1;16;1;1;2;1;1;4;1;1;2;3;1;1;10;3;1;1;1;4;3;3;4;1;7;1;1;2;1;1;3;12;1;1;1;6;2;1;1;2;1;2;1;1;7;2;7;3;1;1;5;1;2;3;3;1;2;2;6;2;6;1;1;5;1;8;8;3;1;1;2;1;1;4;6;1;3;2
3;2;2;6;1;2;1;1;2;2;1;2;1;1;1;2;1;5;4;1;2;1;14;4;1;5;1;2;2;1;1;1;1;11;1;1;1;1;1;1;1;2;1;9;1;9;1;8;1;1;1;1;3;1;11;1;1;2;3;2;6;1;1;1;1;13;2;1;8;5;10;3;2;12;1;3;1;2;2;1;1;1;6;1;1;1;1;10;1;1;5;3;4;1;1;9;2;4;1;12;2;15;2;10;1;3;1;8;1;2;1;1;1;1;1;1;1
2;1;2;1;6;8;1;5;3;5;2;1;10;2;1;18;7;1;1;5;1;1;1;10;7;2;1;1;1;19;1;5;1;14;1;2;3;18;1;1;18;2;4;2;1
2;1;2;1;1;4;4;2;3;3;1;1;1;1;18;5;1;11;1;4;19;3;11;3;16;11;1;14;3
2;2;1;19;2;16;2;1;1;19;5;14;2;5;6;2;2
1;2;1;1;1;19;2;4;18;1;7;1;19;4;3;5;1;17;2;2
4;1;1;2;19;18;1;19;19;3;1;2;9;5;2
3;1;2;2;19;1;15;6;4;19;1;19;1;2;2;1;12;13
5;1;5;8;18;9;4;7;4;4;18;4;19;4;2;16;1
1;3;2;2;2;12;2;3;12;3;4;15;19;17;2;3;2
1;2;5;7;5;16;1;2;17;19;19;4;1;1;1;4;3;1
9;4;1;1;10;16;2;1;19;19;19;1;1;10;3;1
4;2;2;1;2;17;1;15;7;4;19;19;2;3;6;1;1;1
5;6;1;2;17;2;9;3;3;19;19;2;3;2;1
9;8;1;1;2;3;2;19;6;14;3;3;18;17;2;9;3;1;11
1;1;8;12;8;1;19;1;10;3;1;6;3;18
5;6;2;1;4;2;17;16;4;1;3;18
2;9;7;2;1;1;1;3;1;1;1;3;18;16;1;8;1;2;3;19
1;3;2;1;3;2;3;3;19;11;1;4;1;2;19
2;3;5;2;1;1;5;1;4;19;1;18;1;1;1;1;1;10;3;2;13
2;1;1;18;3;2;1;2;1;1;2;1;1;1;1;1;15;3;2;4;1;1;1;8;1;2;4;1;1;4;1;1;1;1;2;2;8;1;1
3;1;1;18;3;3;1;1;3;1;1;1;2;2;1;1;1;5;1;1;1;5;1;1;2;2;4;1;2;1;1;1;3;3;1;1;1;1;1;2;1;1;9;1;4;1
4;2;1;7;2;3;6;2;11;1;2;13;5;2;2;1;4;1;1;3;1;5;1;1;3;1;8;1;2;1;1;5;4;1;1;1;1;1;2;1;1;1;1;1;2;1;2;1;2;1;4;2;1;1;5;1;1;3;12;1;1;1;2;1;1;1;1;2;1;3;1;1;1;3;6;1;1;1;1;1;3;1;1;1;6;3;1;1;1;2;9;1;1;2;1;14;1;1;2;2;1;1;2;1;6;2;1;4;1;10;1;5;2;1;2;1;2;5;6;1;2;2;1;6;8;1;12;5;1;8;2;1;3;1;1
3;2;1;1;5;1;8;1;2;3;1;6;1;3;7;2;1;1;1;2;16;2;11;1;7;4;3;1;1;1;1;4;3;1;3;2;5;2;4;1;1;1;3;1;1;1;1;7;3;2;1;1;3;1;1;2;1;1;2;3;1;6;2;1;1;1;1;1;4;1;4;1;8;11;1;1;13;2;1;1;1;1;1;2;1;1;5;1;1;2;2;3;1;2;10;1;12;1;1;1;4;1;2;1;2;5;4;2;1;1;2;1;2;2;1;8;2;2;2;1;1;1;1;5;1;1;1;4;1;2;18;1;1;2;4;1;9;1;1;1;6;1;8;7;2;2;1;19;1;3;10;6;1;1;1;2;2;1;4;3;4;7;1;17;3;2;6;4;3
1;1;3;4;5;7;1;4;3;6;4;1;1;1;12;3;3;9;3;1;1;1;1;1;2;19;6;2;1;1;4;1;1;1;5;2;1;3;1;5;1;1;2;3;7;7;1;5;1;4;6;1;1;1;2;3;6
2;7;7;4;1;1;6;19;1;2;1;1
10;4;1;2;1;1;1;5;19;1;1;2;2;2
3;10;10;1;7;2;2;5;2;19;1;2
5;1;7;1;3;10;1;1;1;12;18;1;19;2;3;1;1
1;6;3;8;2;2;6;1;16;2;19;2;3
4;4;6;1;1;1;14;19;1;3;2
1;4;2;1;1;1;5;1;19;1;1;2;1;1;4
4;4;3;1;2;3;6;19;6;2;4;5
1;4;1;1;2;11;1;19;3;1;1;4;2;3
3;3;1;1;1;11;19;12;1;1;1
2;5;1;2;1;2;9;19;2;1;1;1
2;1;1;1;1;2;2;5;1;19;1;4;1;2;2;1;1;1;1
2;9;2;1;1;1;1;4;5;15;19;1;1;7;1;6;1
2;3;4;3;1;1;2;2;5;16;19;7;1;1;4
1;3;3;2;1;1;5;18;19;1;2;5;5;1
6;2;3;2;1;1;19;1;18;3;6;1;1;1
3;1;2;1;1;1;19;19;9;6;5;1;1
3;3;3;1;3;2;3;12;3;19;1
12;2;1;1;2;1;1;2;3;1;1;5;3;1;3;1;4;1;1;2;1;19;1;2;1;1;1;1;1;2;4;1;1;1;3;1;1;1;1;2;1;2;1;1;1;1;1;1;1
1;1;2;1;4;3;1;3;1;1;1;1;18;2;1;2;1;1;1;1;1;1;1;1;5;2;12;1;1;1;1;1
2;2;1;2;2;8;1;1;19;4;1
8;1;1;6;3;4;19;1;1;1;4;6
1;2;3;4;1;1;18;1;3;2;3;5;1;11;1
4;2;3;1;1;3;2;1;5;17;1;1;1;13;2;1;1;2;9
2;6;6;1;1;1;19;5;1;6;3
6;10;1;4;6;11;5;1;1;1;1;2;16;2;5;4;1;4;1
2;3;11;16;1;3;4;6;1;7;5;1;4;19;1;6;3;9;1;8;2;5;8
3;7;2;3;2;3;1;16;4;1;1;2;1;3;1;1;2;13;1;3;2;1;7;16;2;1;1;1;1;5;2;1;4;1;2;2;2;1;2;2;4;2;1;6;2;1;1;1;3;6;3;4;2
2;5;4;1;7;1;1;10;2;1;11;1;11;2;1;1;2;2;1;1;2;2;1;3;1;1;3;1;1;2;3;3;7;1;1;5;1;1;1;2;1;1;1;1;3;1;2;2;1;2;2;1;2;3;1;2;1;1;3;1;8;2;1;2;2;8;2;15;4;3;2;1;3;2;1;5;2;1;11;1;4;16;5;1;10;2;1;3;4;1;1
4;1;1;2;5;1;8;1;1;1;2;2;1;1;1;1;5;2;2;1;3;1;3;2;2;1;4;2;5;1;2;2;1;8;5;2;6;3;3;1;5;2;1;2;1;3;1;4;6;3;1;6;9;7;1;1;2;2;1;2;1;1;2;2;1;3;2;3;1;1;1;1;1;2;4;6;2;1;1;2;2;1;1;1;3;1;2;1;1;2;5;1;6;1;1;4;1;1;1;15;1;2;2;1;1;1;1;3;2;3;3;1;1;2;1;1;1;1;2;2;1;1;1
3;8;1;1;1;1;1;1;2;2;4;3;9;1;1;1;4;3;8;1;9;1;1;19;2;4;1;2;5;2;1;2;9;2;1;1;2;1;1;1;14;3;3;1;3;1;4;5;2;1;1;1;3;2;1;6;15;1;1;1;2;2;1;3;3;3;6;3;2;5;1;2;1;2;1;3;1;1;3;1;3;1;1;4;2;5;8
2;3;13;3;7;3;1;1;17;1;3;1;1;4;6;1;2;1;3;2;2;1;1;1;1;1;1;10;1;6;1;1;18;4;4;5;3;1;7;13;11;1;4;1;1;3;1
1;2;8;2;1;9;9;3;2;6;3;3;2;1;15;2;1;4;1;1;1;1;3;1;3;1;1;1;1;1;1;1;12;3;1;6;4;1;3;1;4;10;1;10;1;2;2;3;8;1;1;1
2;10;1;1;1;2;2;1;1;1;1;3;1;1;10;1;2;3;1;5;1;1;1;10;2;1;1;2;19;1;1;1;1;2;2;3;1;2;1;1;7;1;3;1;1;3;2;2;1;3;1;1;3;11;1;1;1;8;7;1;1;5;5;1;4;8;1;1;1;1;3;1;2;1;1;7;3
3;1;1;14;2;6;1;1;1;20;1;5;4;2;1;1;1;1;2;4;1;18;7;2;1;3;1;12;2;4;1;1;1;1;1;1
1;1;14;2;1;10;1;5;1;6;3;5;1;1;6;8;1;2;6;1;2;2;4;2;7;2;1;2;3;2;2;4;1;1;1;2;1;2;1;2;6;4;11;1;8;1;1;3;14;5;2;2;7;1
1;1;13;1;3;1;1;1;1;1;9;2;7;2;2;1;1;1;1;3;8;6;10;3;1;1;2;1;1;2;10;7;3;13;11;5;1;12;7;1;1;1;1;1;7;2;16;1;1;4;1;1;1;1;1;1;1;9;7;2;1;1;1;14;5;1;1;9;1;1;7;1
4;8;5;3;3;1;4;1;9;3;4;4;3;1;3;6;1;2;2;9;1;3;4;2;1;1;7;3;1;4;2;1;1;3;1;3;3;1;1;1;2;1;2;1;5;2;2;1;3;6;1;1;2;9;1;1;2;1;5;1
2;1;1;10;1;3;2;5;4;1;1;1;3;7;1;2;1;1;2;1;1;1;3;1;1;1;1;3;2;6;1;3;2;4;1;2;1;3;1;3;11;1;1;15;1;1;1;5;1;1;2;7;3;1;1;1;3;1;1;10;1;2;2;1;2;3;1;2;6;1;1;1;1;4;2;1;3;1;1;3;1;1;1;3;9;5;1;1;7;3;3;1;1;1;1;14;1;1;2;4;7;7;3;1;1
1;1;1;1;20;4;1;1;1;2;1;3;1;2;2;1;1;1;1;2;2;2;5;1;3;2;1;7;3;1;1;1;1;4;1;1;1;7;1;2;4;1;1;1;3;1;2;2;2;2;1;1;1;2;7;2;6;1;1;4;1;5;1;1;8;1;1;2;3;1;6;4;1;1;2;1;2;2;1;1;1;4;1;1;2;1;7;1;4;1;1;2;1;2;1;1;2;6;3;1;1
1;1;10;19;1;1;9;14;2;1;6;1;12;5;1;3;2;2;1;1;1;1;6;8;7;1;1;1;1;11;14;1
3;17;19;12;4;10;4;7;4;1;1;2;9;1;1;6;11;2;8;1;2;2;5;4;1;19;1;2
2;3;8;1;7;5;19;7;2;4;11;7;2;5;14;4
1;5;13;1;19;1;3;12;3;3;6;1;2
1;2;4;5;3;19;4;2;1;16;1;2;2;5;1;3;1;2
2;1;1;5;3;5;9;6;3;1;1;7;14;4;1;1;2;1
2;5;5;1;4;1;7;12;12;7;3;4;4;7;16;1;1;1;9;2;1
3;8;10;3;9;3;7;2;1;4;5;5;4;3;2;9;6;19;2;3;1;3;4;5
9;7;6;1;4;3;8;19;2;3;5;3;12;6;1;1;5;1;1
5;12;18;2;2;2;2;3;1;11;1;9;1;1;9;2;4;17;19;2;2;2;1;1;2
1;2;4;2;1;1;6;11;19;1;4;8;1;5;19;1;7;1;1;13
3;3;1;15;9;17;3;16;6;1;1;16;1;9;2;1;1
1;2;1;2;3;4;19;1;1;2;7;3;6;2;14;1;2;1;3
1;6;1;11;15;2;3;1;16;19;9;1;2;10;1
1;2;1;18;1;2;1;3;2;2;19;16;13;3;3
14;6;2;1;7;16;2;2;12;9;11;6;2;8;2;4
19;1;6;14;1;15;2;4;7;1;3;1;1;1;3;7
2;2;3;2;8;3;1;4;1;2;2;3;1;2;19;1;14;1;4;2;12;5;2;14
5;3;1;2;1;1;1;3;1;2;8;5;2;1;1;2;6;1;2;1;2;3;4;7;1;1;1;1;2;1;7;4;10;1;3;2;2;1;1;8;4;3;2;2;1;1;5;1;1;1;1;1;5;2;4;1;4;1;1;1;4;1;1;1;8;1;7;1;2;1;1;3;1;1;1;1;2;3;3;1;3;1;2;1;2;3;1;1;1;1;3;2;1;1;11;1;3;3;1;1;1;1;1;2;6;7;2;1;1;1;1;4;1;1;2;3;1;3;1
1;1;1;2;1;1;1;1;5;2;2;3;3;1;1;11;1;3;13;1;2;1;1;3;1;3;1;1;1;1;4;1;1;1;2;3;6;1;1;1;4;1;5;1;8;2;1;8;1;1;3;7;1;1;3;1;7;1;1;1;1;1;2;1
1;1;3;4;1;2;5;4;5;1;1;3;2;1
2;1;5;1;1;5
1;2;6;1;2;4;5
3;3;4;3;1;1;1
3;6;2;1;2
2;4;8
2;3;2;4;3;6;1
3;12;7;3;1;1;2
1;12;1;1
1;1;2;1;2;2;3;14;3;1;2;1;1;1;1
1;1;1;2;1;1;2;1;1;1;1;5;5;4;1;2;6;10;4;1;1;3;1;2
5;1;5;19
1;1;19
3;19;2
19
2;1;19
1;1;1;19;2
7;2;19
3;1;19;1;2;2
1;2;1;1;1;1;3;3;4;2;2
1;1;5;1
None
None
1
None
None
None
None
None
None
None
None
None
None
None
None
None
None
None
None
None
None
None
None
None
None
None
None
None
None
None
None
None
None
None
None
None
None
None
None
None
None
None
None
None
None
None
None
None
None
None
None
None
None
None
None
None
None
None
None
None
None
None
None
None
None
None
None
None
None
None
None
None
None
None
None
None
None
None
None
None
None
None
None
None
None
None
None
None
None
None
None
None
None
None
None
None
None
None
None
None
None
None
None
None
None
None
None
None
None
None
None
None
None
None
None
None
None
None
None
None
None
None
None
None
None
None
None
None
None
None
None
None
None
1;5;1;5;2;1;1;2;3;5;4;3;10;2;2;4;2;4;1;1;1;2;1;2;3;2;2;2
1;1;1;13;4;1;4;2;1;3;2;2;5;6;4;2;1;1;2;1;1;1;1;1;9;2;3;3;2;3;9;1;1;1;4;1;1;1;1;2;1;1;1;1;1;1;3;1;1;5;2;1;3;2;1;1;1;2;1;2;2
1;1;2;1;13;1;1;3;2;2;2;2;2;1;2;1;1;2;3;3;2;1;2;2;1;1;3;5;2;2;1;1;2;1;4;1;19;17;1;1;1;2;1;1;8;1;3;8;1;1;1;10;2;1;1;1;2;1
4;1;1;1;9;19;19;1;4;1
5;19;19;3;16;1;2
6;1;1;9;3;19;19;7;19;1;1;8
1;2;1;2;1;16;19;19;7;17;1;1;3
2;2;1;6;4;19;19;5;19;1;2;5
2;2;9;19;11;3;19;3;1
6;2;17;17;19;2;19;3
1;8;19;19;2;19;1
1;2;2;19;1;19;2;19;2;6
1;8;1;10;1;19;19;19
2;3;1;1;4;19;5;1;1;1;1;1;1;2;1;1;2;19;1;5;1;2;3;19;1;1;1;1
2;1;1;5;2;2;19;1;1;1;19;1;1;19;1;2;1;1;1;1
5;2;3;1;1;19;1;19;1;2
2;4;3;8;1;3;10;3;19;4;1;19;2;1;1
2;1;5;19;6;19;1;19;2;1;2;1;9
1;1;1;1;10;6;19;2;19;3;19;1;2;3
1;1;3;13;1;19;16;19;4;1;1;19;8;4;4;9;2;1
4;8;1;2;19;1;19;2;19;12;4;1;2;1
3;2;2;3;2;4;17;1;1;19;1;1;17;9;6;2;1;1;6;1;1
2;1;2;1;1;2;4;1;3;1;1;1;2;1;1;1;1;1;2;1;7;5;2;3;1;2;1;2;1;1;1;5;4;3;1;2;1;1;4;1;1;1;15;2;1;1;2;1;1;4;1;1;1;1;2;1;1;1;2;1;7;2;1;1;1;1;1;1;1;5;9;1;1;1;1;2;1;1;3;1;7;2;2;1;5;1;2;2;4;3;1;1;1;1;11;1;1;1;1;3;2;4;1;1;2;3;1;3;1;1;1;1;3;3;5;1;7;1;1;3;1;1;3;1;1;1;2;3
2;1;3;1;1;1;1;12;4;1;2;1;1;2;2;1;2;1;1;4;1;1;1;1;2;2;1;1;3;3;1;2;1;3;1;2;1;2;2;3;3;4;1;1;1;8;1;1;10;2;5;2;1;1;2;5;1;1;1;2;4;6;3;2;1;2;1;1;2;6;14;2;1;1;2;1;1;1;1;5;1;5;1;1;2;1;6;2;1;1;1;7;1;2;1;1;2;7;6;1;2;1;1;1;6;1;1;1;1;1;1;1;5;2;1;3;2;2;2;4;1;3;3;6;1;1;1
1;1;1;1;1;9;1;1;1;9;9;3;1;1;2;1;1;1;1;2;1;1;1;1;1;1;1;10;1;1;2;1;1;1;1;1;1;1;1;3;1;1;1;1;1;2;1;1;5;2;1;2;3;1;1;4;1;1;2;2;1;1;1;1;2;1;2;2;1;1;1;1;1;1;9;1;4;1;1;7;1;1;1;2;2;1;1;1;2;3;1;9;1;5;1;1;1;6;1;2;4;3;1;2;4;1;2;1;1;3;7;1;3;1;5;5;2;2;1;1;1;13;2;1;2;1;1;4;1;1;1;1;1;5;1;2;1;1;1;1;1;1;4;7;1;1;5;1;1;1;2;1;1;2;1;1;1;3;1;1;1;1
6;1;1;2;1;2;1;1;2;1;1;1;3;1;2;17;3;1;4;1;2;1;1;6
2;3;6;1;1;1;9;2;1;1;2;4;1;1;1
1;12;1;10;2;7;2;2;3
2;14;1;3;1;1;2;4
3;4;1;6;1;3;1;2;7;4;14
14;13;1;2;1;1;1;6;3;8
4;10;6;4;1;1;1;1;3;5;1;8
13;8;7;2;1;2;5;9;3;4
7;7;5;1;3;1;2;5;12;1;10;6;3;1;7
4;11;7;1;3;3;7;1;1;2;1;3;2;1;2
4;11;2;1;1;1;2;5;1;14;1;2;1;1;6
5;14;2;2;1;15;5;2;1;2;2;4
15;2;2;1;5;1;2;9;1;1;2;4
4;16;4;2;5;7;1;1;4;1;2;2;3;1;5
8;12;1;1;1;4;10;5;1;1;1;1;3;1
7;9;2;15;15;4;1;4;1
2;5;1;8;11;1;1;3;1
12;9;15;10;1;3;4;2;13
1;6;18;2;11;3;2;6
2;7;1;1;3;8;18;9;3;3;2;7;2;1;6
5;2;10;2;1;19;2;1;2;1;1;3;2;1;1;1;1;1;1
2;7;3;17;16;1;3;1;3;1;7;5
8;7;3;1;3;19;11;9;2;1;2;7;8;3;4;7
2;7;3;15;1;12;4;5;1
3;5;1;2;2;3;19;2;10;2;3;1;1
6;1;1;7;1;1;3;5;1;1;1;1;1;1;2;1;1;1;2;2;1;1;1;3;1;1;4;1;2;1;7;1;1;1;2;7;1;1;7;7;1;1;1;2
2;1;1;1;1;1;1
2;1;3;1;2;2
1;2;1;1;1;3;1;1;1;2;5;1;7;2;1;1;1;2;3;2;3;4;1;1;1;1;2;1;1;5;1;1;1;1;1
3;1;15;1;1;1;1;5;1;2;1;2;3;7;1;1;1;3;1;1;1;1;1;2;1;1
5;8;3;4;5;1;1;2;3;1;3;2;7;1;1;9;1;3;1;1;2;2;1;1;3;1;1;1;3;3
2;2;5;16;5;2;2;9;6;1;1;2;10;5;1;15
4;2;1;9;10;1;3;1;1;5;1;1;1;1;1;1;3;13
3;5;1;1;2;2;1;1
9
7;4;1;5
2;1;1;9;1;1
1;3;2;6;1
2;1;1;1;1;2;2;1
2;1;3;2;1;2
2;2;3;2
3;2;2
11;1
11;4
1;1;13;3
1;13;1
3;2;1;1;4;4
3;1;1;1;1;7;1
3;1
6;1;1
None
None
None
None
None
None
None
None
None
1
1
None
1
1
1;1;1;1;1;1;2
1;1;5;5;2
1
5
1
None
3;1
1;5
1
1;1
None
None
None
None
1
None
1
1;1
None
None
None
None
None
None
None
None
None
None
None
None
None
None
None
None
None
None
None
None
None
None
None
None
None
None
None
None
None
None
None
None
None
None
None
None
None
None
None
None
None
None
None
None
None
None
None
None
None
None
None
None
None
None
None
None
None
None
None
None
None
None
None
None
None
None
None
None
None
None
None
None
None
None
None
None
None
None
None
None
None
None
None
None
None
None
None
None
None
None
None
None
None
None
None
None
None
None
None
None
None
None
None
None
None
None
None
None
None
None
None
None
None
None
None
None
None
None
None
None
None
None
None
None
None
None
None
None
None
None
None
None
5;15;5;3;1;3
13;2;1;15;6;4;1;3;1;4;1;1;4;4;2;18;13;1;10;9;1;6;12
2;1;5;1;2;6;9;1;3;2;2;1;2;2;10;3;1;1;6;2;1;1;7;1;2;2;14;5;3;3;2;3;1;1;7;1;6;5;2;2;6;7;2;2;1;1;4;3;1;5;6;2;7;2;1;3;4;2;2;2;4;5;1;1;4;2;9;3;4;1;4;4;3;2;3;6;4;12;5;1;3;1;7;6;2;1;2;1;5;1;1;2;1;1
1;1;1;4;3;1;1;3;1;1;3;8;12;1;1;1;1;7;4;1;1;1;1;4;5;1;1;5;1;1;2;2;2;11;4;1;1;1;1;2;1;1;4;2;1;7;2;6;7;1;1;1;1;2;6;2;1;2;1;1;8;3;1;2;1;1;1;1;4;9;2
2;1;3;1;7;2;2;2;19;9;4;17;3;2;3;3;6;4;1;3
7;12;3;1;3;19;12;19;1;2
18;5;8;12;1;18;4;19;1;17;1
19;3;7;11;19;16;19;19;1
16;1;2;2;4;1;19;3;19;19;6
16;6;3;1;1;2;2;19;2;19;2;19;5
4;3;3;7;8;1;1;14;5;19;19;19;7
3;1;3;9;19;5;19;15;5;1
2;6;6;2;19;11;1;19;19;9
7;2;1;1;3;4;2;1;2;19;5;19;1;1;1;3;3;19;5;1;1;1
4;3;1;4;3;2;2;9;19;3;17;1;2;19;2
2;1;2;3;1;8;1;2;6;19;1;15;19;2
1;2;7;5;1;5;19;1;6;9;19;2
6;2;2;1;6;1;19;6;4;2;19;2;1
3;19;5;10;3;11;1;1;4;19;1;1;3;19;5;6;3
10;4;19;1;12;3;5;19;19;1;6;6;3;2;19;18;1;4
8;19;2;4;2;6;2;19;18;3;19;1;3;1;19;8;1
1;7;5;19;3;1;5;8;1;19;19;1;19;19;7;6
4;1;5;6;1;19;19;5;19;2;1;1;19;12;2;18;2;3;19;4;3;2;1;1;19
1;1;1;1;1;1;3;6;1;1;2;1;1;2;2;1;1;1;3;1;2;3;1;1;1;2;2;1;1;6;1;1;1;4;1;6;7;2;2;3;1;1;1;2;1;2;2;6;2;8;2;1;2;2;1;7;6;4;3;7;1;9;1;3;2;1;5;1;14;3;1;1;1;2;2;3;1;3;1;3;1;1;5;1;3;10;14;4;1;2;1;7;1;2;3;7;3;1;2;2;5;1;1;1;2;1;1;8;1;1;1;3;1;1;2;1;4;1;3;1;1;13;1
3;1;5;1;1;2;1;1;7;3;4;1;4;1;1;1;2;8;14;1;1;5;1;3;1;2;12;1;1;1;1;3;6;3;1;2;3;3;8;4;1;1;2;1;3;2;1;7;6;4;4;1;1;6;1;5;3;7;1;3;2;5;2;11;1;2;2;7;9;1;2;10;2;1;1;1;5;4;17;1;9;6;1;1;2;1;2;1;5;1;1;1;1;2;1;7;9;1;5;6;4;6;15;2;6;3;1;8;8;1;5;2;4;8;15;1;1;2;7;16;2;1;4;1;4
2;1;3;1;1;1;3;5;1;2;6;3;2;1;2;5;9;1;2;16;1;5;6;5;2;8;1;2;2;1;7;2;1;1;1;1;2;1;10;1;1;1;1;2;1;1;1;12;1;1;1;1;3;1;2;2;4;1;8;1;1;2;1;7;4;1;1;8;1;2;2;1;1;6;1;6;5;4;1;5;1;1;8;1;2;1;1;1;1;1;2;1;1;5;1;2;3;2;2;2;5;1;1;16;1;2;8;3;4;1;2;1;6;1;1;8;4;1;10;7;2;4;1;1;1
5;11;1;3;6;14;3;14;5;2;5;2;1;8;1;3;3;5;2;2;15;1;1;2;10;3;5;2;4
2;3;4;2;8;1;19;2;2;14;9;6;2;5;3;2;7;1;2;12;3;4;9;2;8;1;8;6
1;2;5;7;6;17;3;1;1;1;6;19;11;3;1;6;2
1;1;7;13;3;7;1;6;6;5;1;2;6;19;1
1;1;4;1;2;4;8;1;1;11;3;1;6;19;1
5;1;2;1;3;5;1;5;1;4;1;19
2;2;3;1;2;1;4;10;2;2;19;1;3
1;4;2;1;4;8;15;1;2;1;2;2;3;19;10
1;6;15;2;6;7;1;19;2;6
1;7;7;1;7;9;2;1;3;19;2;7
4;1;7;4;19;9;10;1;7;6
1;7;1;2;2;19;1;5
4;12;13;2;1;7;2;3;19;1;1
7;6;4;19;2;12;1
2;1;16;10;15;6;19
3;1;10;15;1;1;3;2;1;1;19;1;7
9;3;1;11;11;5;1;1;3;19;5
6;3;12;10;2;5;1;3;19;6;13
1;16;9;1;4;10;1;8;1;19;8;1
4;1;9;1;2;5;1;1;4;3;3;1;1;1;1;10;6;1;1;1;1;1;3;1;1;1;1;1;2;4;1;1;3;1;1;3;9;3;1;1;1;2;3;1;1;2;1;1;1;2;2;10;2;2;1;2;1;1;1;3;1;1;1;1;9;1;1
4;1;2;1;1;2;10;1;1;1;3;4;1;1;3;1;1;1;1;3;3
1;1;2;4;1;2;2;4;3
2;8;8;6;2;5;9;1;8;1;1;3;1;3;1;1
1;5;3;4;1;4;3;9;1;1;4;1;1;1;1
3;1;4;8
1;1;4;2;4;1;1;2;1
3;4;2;2;14;2;2;1;1;2;2;3;2
6;2;3;1;1;1;1
2;1;2;3;1;2;4;1;3;1;1;2;1;1;1;1;1;1;4;12;1;1;1;1;3
15;2;1;1;3;1;1;6;1;1;2;1;1;8;7
2;2;1;2;2;8;12;1;1;14;3;2;1;1;2;5;3;5;9;1;5;7
1;11;1;10;1;1;2;1;11;1;2;2;1;5;2;1;1;2;2;1;2
6;6;3;6;2;3;2;1;1;8;7;4;1;2;4;1;3;3;2;3;3
2;6;1;8;4;8;10;6;3;5;1;1;1;1;2;1;10;1;1;8;1;1;4;4;1;1;3;2
1;12;2;15;4;5;1;1;2;1;1;1;4;1;1;1;17;1;8;1;1;5;2
1;3;3;2;4;1;2;3;9;1;1;2;1;1;3;10
1;3;1;1;1;1;2;2;1;1;1;1;1;1;1;1;1
6;14;1;2;2;1;1;1;1;1;1
3;1;1;1;2;1;1;2
5;1;2;1;1;1;4;1;1;12;2;2;1;1;2;1;2;2;1;1;2;1;4;3;1;1;1;1;1;6;3;2;10;4
1;2;1;4;1;1;5;3;8;10;5;2;3;2;3;1;3;2;4;1;3;1;2
1;5;1;3;15;1;2;3;2;3;1;1
2;1;1;10;6;1;1;1
1;1;5;16;4;7;5;9;9;1;1
1;13;1;19;2;6;14;1;10;1;1;2;1
13;2;19;3;16;14
1;12;15;3;18;6;1;5;1
4;9;1;11;4;1;2;1;3;1;1;4
4;6;3;19;2;2;2;2;2;5
7;6;13;19;3;5;1;4;3;10
1;1;2;5;1;1;3;1;2;19;2
13;10;1;1;2;7;1;3
19;1;10;2;1;1;1;3;8;1
2;19;3;9;2;3;18
1;19;13;4;1;2;2;19
19;7;2;3;3;1;1;4;19
18;16;2;3;1;2;1;1;19;1;5
19;12;1;2;3;3;1;19;11
18;9;2;12;4;8;1;19;2
14;1;1;1;1;15;1;1;13;1;4;1;2;5;2;2;1;2;1;2;1;2;2;1;1;2;2;4;1;1;1;1;1;2;1;4;2;1;1;1;1;1;7;1;1;4;1;1;4;1;5
2;1;2;2;2;2;1;2;1;1;2;1;2;2;10;1;1;1;1;1;3;2;2;8;1;9;1;2;2;1;2;3;2;3;1;9;5;3;1;18;1
2;3;1;1;1;1;3;2;3;8
9;1;1;1;3;1
10
None
None
None
None
2
None
1
None
None
None
None
None
None
None
None
None
None
None
None
None
None
None
None
None
None
None
None
None
None
None
None
None
None
None
None
None
None
None
None
None
None
None
None
None
None
None
None
None
None
None
None
None
None
None
None
None
None
None
None
None
None
None
None
None
None
None
None
None
None
None
None
None
None
None
None
None
None
None
None
None
None
None
None
None
None
None
None
None
None
None
None
None
None
None
None
None
None
None
None
None
None
None
None
None
None
None
None
None
None
None
None
None
None
None
None
None
None
None
None
None
None
None
None
None
None
None
None
None
None
None
None
None
None
7;4;9;2;1;2;2;1;1;1;5;4;1;1;1;3;5
3;3;8;3;4;1;2;2;1;1;6;2;4;1;1;2;1;1;3;4;3;5;1;3;1;2;1;1;2;3;1;1;2;11;1;2;1;2;8;9;4;1;2;1;1;1;4;1
1;5;1;1;2;1;1;3;5;3;5;1;3;3;3;1;1;2;3;1;1;3;2;4;1;1;1;1;1;8;2;1;1;1;1;2;1;3;6;1;3;2;1;1;10;2;1;1;1;1;1;1;4;6;1;1;1;2;2;1;1;1;1;1;1;2;1;1;3
2;2;5;3;7;11;1;5;17;12
1;5;13;18;19;8;1;6
1;2;15;19;19;6;1
1;17;19;19;5;2
4;18;19;1;18;2;14
11;2;18;19;1;17;4;17
10;3;2;12;1;1;19;1;10;9;19;2
2;1;5;1;9;10;1;1;19;15;2;2;16;19
1;1;1;2;1;1;7;1;2;3;14;2;19;1;12;1;8;1;1;6;2;1;3;1;3;1
11;1;7;1;5;1;5;3;19;5;1;3;1;2
19;3;7;15;7;1;1;2;19;2;2;3;1;5;1
10;2;19;14;2;3;4;19;1;1;4;2;1
12;2;5;9;18;3;4;5;19;19;2;3;2
7;1;8;19;17;4;19;1;5;10;12;4
1;9;1;3;1;9;18;3;19;12;7;18
3;1;16;15;3;3;19;1;1;2;12;2;1
1;3;2;1;9;8;3;2;19;1;4;8;5;1;7;19;3
1;1;1;1;7;2;8;4;1;7;19;3;1;10;1;15;18;1
1;4;4;2;9;1;19;8;5;8;1;1;10;13;2
5;1;1;1;8;2;3;1;1;2;4;1;1;1;1;2;1;19;10;3;7;1;9;1;1;1;1;2;2;1;1;1;1;1;1;1;3;2;1;7;1;2;2;1;1;1;1;1;1;6;1;1;3;1;4;3;11;6;1;1;1;8
1;1;3;6;17;4;2;1;5;1;1;1;1;1;1;2;1;1;1;1;1;1;19;1;1;1;1;10;1;4;4;1;1;1;1;1;1;1;9;1;1;1;1;1;13;3;4;1;1;2;1;1;9;1;3;4;3;1;2;1;1;1;3;1;4;12;7;1;1;1;1;1;1;2;1
1;1;2;1;1;1;13;11;11;1;2;18;18;2;2;3;6;1;1;1;2;10;1;1;18;1;4;3;1;3;1;5;1;2;1;1;1;3;7;3;1;1;1;1;1;1;2;2;6;1;1;1;2;3;6;3;20;5;1;1;4;1;19;1;1;3;11;1;5;4;1;2;3;6;9;6;1;2;2;4;1;1;1;1;6;5;8;1;1;9;5;11;6;1;1
1;1;1;1;3;6;9;5;2;1;1;2;1;16;14;1;1;1;1;1;1;5;2;2;1;6;1;1;8;1;7;2;4;1;15;3;2;1;1;2;1;2;3;5;1;5;1;4;3;1;1;2;2;1;16;1;8;1;1;1;2;2;1;8;1;6;1;1;1;12;1;8;1;6;1;1;1;1;2;1;1;1;4;1;2;5;6;8;6;1;1;1;2;1;1;4;9;1;5;12;2;1;1
3;1;11;3;7;2;1;2;1;3;18;1;1;4;2;1;1
1;2;3;2;5;4;19;18;19;1;1
5;4;1;1;19;19;1;19;5;2;1;3
1;19;19;5;19;4;3;1
2;4;4;19;18;19;1
1;3;1;1;1;19;19;1;7;5;1;9;4
4;3;1;19;19;2;8;1;2;19;3;2
2;1;2;4;1;2;3;19;19;2;2;19;2
1;1;11;2;1;1;19;19;12;3;1;1;4;19
3;1;5;19;19;19;13;1;19
2;2;3;9;1;2;19;4;19;7;19;19;3
1;1;12;9;16;6;19;17;1;9;2;2;19
1;1;1;2;3;7;18;1;19;17;1;2;2;17;1;1;19;7
1;4;7;19;2;15;19;12;19;1;19;2
1;4;1;19;11;18;19;12;10;19;3;1;19
9;2;19;7;1;19;19;14;4;19;1;3;19
7;1;19;9;19;14;1;18;1;2;19
4;3;18;1;19;3;19;2;10;1;1;1;1;3;1;17;3;1;1;4;1;1;19;1;1
1;3;1;12;1;1;1;1;1;19;2;1;1;14;1;1;1;2;1;2;1;1;6;4;1;2;2;1;1;1;1;1;2;1;1;2;2;10;2;1;1;1;1;1;2;2;1;1;1;1;19;2;1;1;2;1;1;1;1
2;1;1;1;1;2;1;4;5;1;5;4;7;1;1;1;2;1;1;2;4;4;1;2;1;1;5;1;1;2;1;2;4;2;2;1;1;7;4;2;1;1;2;1;1;3;2;2;1;2;2;2;2;1;1;1;1;8;2;7;1;14;1;5;3;2;2;1;2;3;1;1;1;1;1;2;6;1;2;1;1;1;3;2;7;1;2;1;2;1;1;1;1;1;2;1;1;1;1;1;2;2;2;1;1;1;1;6;1;1;1;3;2;3;1;1;7;2;3;1;4;1;1;2;1;1;7;4;4;1;1;1;1;4;5;2;1;4;1;1;2;2;3;3;6;1;2;1;5;1;2;3;4;4;3;1;2;1;1;1;1;9;1;1
1;1;1;4;1;1;2;2;2;1;2;1;1;1;1;2;4;5;1;3;5;1;2;1;8;1;1;4;4;3;3;9;1;1;2;1;1;1;1;4;3;6;1;9;2;2;1;1;3;1;2;1;4;13;3;2;3;5;2;1;1;2;5;1;5;2;1;1;2;2;1;1;9;9;6;1;3;3;1;1;2;1;3;4;3;2;1;1;2;13;1;8;2;4;3;9;1;1;1;2;11;5;2;2;4;2;10;2;1;8;3;4;1;4;1;2;1;5;3;1;1;1;4;1;1;1;3;9;1;2;2;1;2;1;1
1;3;1;1;1;1;1;1;1;2;2;1;3;3;2;8;1;1;2;1;1;3;1;1;2;1;1;2;3;5;5;3;1;2;2;1;1;1;1;2;1;4;1;1;1;1;1;1;1;1;1;1;2;2;1;1;1;4;1;1;5;1;1;5;15;3;1;1;2;1;1;1;1;3;3;2;1;2;1;4;2;1;2;2;6;1;2
7;5;2;1;1;3;2;2;5;1;1;3;2;1;13;2;3;4;5;2
1;2;2;4;3;2;8;2;3;1;1;1;4;9;4;2;1;2;1;1;1;1;12;5;3;1;13;3;1;1
4;1;4;2;1;2;12;2;1;6;1;8;4;1;6;2;2;4;11
6;1;3;1;1;4;1;1;8;5;4;5;6;1;1;2;5;1;7
1;11;1;1;1;1;3;1;2;2;1;5;1;4;3;11;2;2;4;12;7
1;2;6;1;1;2;1;1;3;2;7;2;4;3;3
